0.9	0.4	3.00254
0.9	0.4	3.00256
0.94183	0.334757	3.0004
0.933626	0.347552	3.00023
0.933626	0.347552	3.00022
0.933626	0.347552	3.00023
0.925906	0.348514	3.00024
0.925906	0.348514	3.00023
0.925906	0.348514	3.00022
0.924554	0.347775	3.00022
0.924554	0.347775	3.00021
0.924554	0.347775	3.00024
0.910319	0.33939	3.0002
0.910319	0.33939	3.00022
0.910319	0.33939	3.00019
0.881933	0.322691	3.00017
0.881933	0.322691	3.00017
0.881933	0.322691	3.00016
0.88194	0.322695	3.00015
0.88194	0.322695	3.00019
0.88194	0.322695	3.00019
0.881938	0.322689	3.00018
0.881938	0.322689	3.00019
0.881938	0.322689	3.00017
0.881935	0.322685	3.00018
0.881935	0.322685	3.00021
0.881935	0.322685	3.0002
0.881931	0.32268	3.00021
0.881931	0.32268	3.00017
0.881931	0.32268	3.00015
0.88193	0.322679	3.00015
0.88193	0.322679	3.00018
0.88193	0.322679	3.00019
0.881969	0.322171	3.00019
0.881969	0.322171	3.00018
0.881969	0.322171	3.00015
0.882355	0.317127	3.00018
0.882355	0.317127	3.00014
