0.9	0.5	10.4903	9.38165e-05
0.900015	0.499989	10.4905	9.32916e-05
0.907811	0.4945	10.4903	9.16175e-05
0.907811	0.4945	10.4901	9.14926e-05
1.00968	0.564152	10.4891	8.74867e-05
1.00968	0.564152	10.4893	8.75179e-05
1.00969	0.564152	10.4891	8.77333e-05
1.00969	0.564152	10.4892	8.76702e-05
1.00969	0.564152	10.4892	8.86251e-05
1.00976	0.564194	10.4893	8.69795e-05
1.01003	0.564357	10.4891	8.78269e-05
1.01003	0.564357	10.4891	8.7737e-05
1.01003	0.564355	10.4891	8.72962e-05
1.03631	0.579871	10.4893	8.85844e-05
1.04102	0.582649	10.489	8.96763e-05
1.04102	0.582649	10.4891	8.95776e-05
1.04102	0.58265	10.4893	8.94756e-05
1.03713	0.58032	10.4891	8.92551e-05
1.05123	0.588765	10.4891	8.97057e-05
1.03817	0.580944	10.4891	8.90006e-05
1.04437	0.584656	10.4893	8.96494e-05
1.04182	0.583127	10.4892	9.00999e-05
1.03577	0.579505	10.4893	8.94312e-05
1.03929	0.581616	10.4893	8.90576e-05
1.03998	0.582024	10.4892	8.90621e-05
1.03964	0.581823	10.4893	8.97547e-05
1.0433	0.584016	10.489	8.91789e-05
1.0433	0.584016	10.4892	8.94463e-05
1.0433	0.584016	10.489	9.00163e-05
1.0433	0.584016	10.4893	8.95193e-05
1.0433	0.584016	10.4891	8.99535e-05
1.0433	0.584016	10.4892	8.94203e-05
1.0433	0.584016	10.4891	8.96647e-05
1.0433	0.584016	10.4891	8.98114e-05
