1.0000000000	0.6000000000	10.3516100468	0.0000753278
1.0000019869	0.5999965329	10.3517149644	0.0000753515
1.0061935425	0.5891923370	10.3515473217	0.0000745459
1.0061935425	0.5891923370	10.3515311412	0.0000748787
1.0061934304	0.5891923064	10.3514646337	0.0000748843
1.0050722315	0.5888870192	10.3515117722	0.0000743991
1.0050722315	0.5888870192	10.3516141895	0.0000747734
1.0050737592	0.5888874415	10.3514128548	0.0000746226
1.0050737592	0.5888874415	10.3513412178	0.0000748629
1.0050737102	0.5888874232	10.3514330672	0.0000752989
