0.95	0.4	3.00115	2.36562e-05
0.950002	0.399996	3.00113	1.63678e-05
0.969603	0.364067	3.00035	9.05237e-06
0.967178	0.368512	3.00034	9.47084e-06
0.967005	0.368829	3.00034	9.32578e-06
0.967005	0.368829	3.00034	9.19685e-06
0.967005	0.368829	3.00034	9.23255e-06
0.963496	0.366543	3.00032	9.17581e-06
0.960487	0.364584	3.00032	1.11108e-05
0.957478	0.362624	3.00029	9.36085e-06
0.951413	0.358674	3.00028	1.24279e-05
0.947024	0.355816	3.00026	1.09025e-05
0.941817	0.352424	3.00026	1.74403e-05
0.938808	0.350465	3.00024	1.22308e-05
0.912245	0.333166	3.00018	1.48959e-05
0.912245	0.333166	3.0002	1.56033e-05
0.912243	0.333165	3.0002	1.37306e-05
0.872069	0.310622	3.00016	1.84166e-05
0.878973	0.314496	3.00014	1.89718e-05
0.878973	0.314496	3.00013	1.78976e-05
