1.0000000000	0.5000000000	10.3057755747	0.0000834859
0.9999802595	0.5000352601	10.3058861984	0.0000832420
0.9663180537	0.5601621227	10.2901885240	0.0000759866
0.9569577127	0.5768814054	10.2894381495	0.0000743591
0.9562896160	0.5780747485	10.2895436620	0.0000738060
0.9562896160	0.5780747485	10.2895591765	0.0000739530
0.9562894640	0.5780746503	10.2893605299	0.0000741861
0.9562894640	0.5780746503	10.2893156866	0.0000739194
0.9562893646	0.5780746372	10.2894580345	0.0000740562
0.9552954673	0.5779439531	10.2896164988	0.0000737612
0.9543015700	0.5778132690	10.2893421883	0.0000737900
0.9533076727	0.5776825850	10.2894464074	0.0000739652
