0.8	0.4	10.3616	0.000738353
0.8	0.42	10.3573	0.000745909
0.8	0.44	10.355	0.000763096
0.82	0.4	10.3647	0.000704965
0.82	0.42	10.3592	0.000701784
0.82	0.44	10.3558	0.000709056
0.84	0.4	10.3686	0.000684099
0.84	0.42	10.3618	0.000670459
0.84	0.44	10.3573	0.000667843
0.8	0.46	10.3542	0.000718198
0.8	0.48	10.3548	0.000746392
0.8	0.5	10.3565	0.000780018
0.82	0.46	10.3541	0.000668509
0.82	0.48	10.3538	0.000689804
0.82	0.5	10.3548	0.000717456
0.84	0.46	10.3546	0.00062911
0.84	0.48	10.3534	0.000643154
0.84	0.5	10.3536	0.000664511
0.8	0.52	10.358	0.0006758
0.8	0.54	10.3616	0.000704084
0.8	0.56	10.366	0.000734941
0.82	0.52	10.3556	0.00063439
0.82	0.54	10.3586	0.000659729
0.82	0.56	10.3624	0.000688121
0.84	0.52	10.3538	0.000598707
0.84	0.54	10.3562	0.000620769
0.84	0.56	10.3594	0.000646431
0.8	0.58	10.3712	0.000753769
0.8	0.6	10.3767	0.000788729
0.8	0.62	10.3826	0.000824567
0.82	0.58	10.3671	0.000708772
0.82	0.6	10.3721	0.000742298
0.82	0.62	10.3776	0.000776898
0.84	0.58	10.3634	0.000668106
0.84	0.6	10.368	0.00070005
0.84	0.62	10.3731	0.000733302
0.8	0.64	10.3894	0.00100081
0.8	0.66	10.396	0.00103902
0.8	0.68	10.4028	0.00107707
0.82	0.64	10.3841	0.000936679
0.82	0.66	10.3903	0.000974206
0.82	0.68	10.3968	0.00101163
0.84	0.64	10.3792	0.000877137
0.84	0.66	10.385	0.000913916
0.84	0.68	10.3912	0.000950677
0.8	0.7	10.4088	0.00109817
0.8	0.72	10.4159	0.00113597
0.8	0.74	10.423	0.00117352
0.82	0.7	10.4027	0.00102677
0.82	0.72	10.4095	0.00106353
0.82	0.74	10.4164	0.00110009
0.84	0.7	10.3969	0.000961413
0.84	0.72	10.4035	0.000997175
0.84	0.74	10.4102	0.00103278
0.8	0.76	10.4326	0.00110623
0.8	0.78	10.44	0.0011379
0.8	0.8	10.4474	0.00116943
0.82	0.76	10.4257	0.00105193
0.82	0.78	10.4329	0.00108306
0.82	0.8	10.4401	0.00111405
0.84	0.76	10.4191	0.00100155
0.84	0.78	10.4261	0.00103214
0.84	0.8	10.4332	0.0010626
0.86	0.4	10.372	0.000648651
0.86	0.42	10.3639	0.000617713
0.86	0.44	10.3581	0.000597778
0.88	0.4	10.3774	0.000659058
0.88	0.42	10.3679	0.000621438
0.88	0.44	10.361	0.000595052
0.9	0.4	10.3834	0.000674783
0.9	0.42	10.3726	0.000630926
0.9	0.44	10.3644	0.000598486
0.86	0.46	10.3555	0.000602621
0.86	0.48	10.3533	0.000604316
0.86	0.5	10.3525	0.000612851
0.88	0.46	10.3574	0.000581607
0.88	0.48	10.3542	0.000577544
0.88	0.5	10.3526	0.000580909
0.9	0.46	10.3598	0.000568446
0.9	0.48	10.3557	0.000558622
0.9	0.5	10.3532	0.000556716
0.86	0.52	10.353	0.000571956
0.86	0.54	10.3546	0.000592452
0.86	0.56	10.3572	0.000616961
0.88	0.52	10.3523	0.000548234
0.88	0.54	10.3533	0.000565064
0.88	0.56	10.3552	0.000586495
0.9	0.52	10.3521	0.000530258
0.9	0.54	10.3524	0.000543178
0.9	0.56	10.3537	0.000561305
0.86	0.58	10.361	0.000897191
0.86	0.6	10.365	0.000921826
0.86	0.62	10.3695	0.000947841
0.88	0.58	10.3584	0.000802353
0.88	0.6	10.3618	0.000825341
0.88	0.62	10.3659	0.000850012
0.9	0.58	10.3562	0.000719073
0.9	0.6	10.3591	0.000740251
0.9	0.62	10.3628	0.000763473
0.86	0.64	10.3746	0.000786891
0.86	0.66	10.3801	0.000823494
0.86	0.68	10.386	0.000860748
0.88	0.64	10.3706	0.000735999
0.88	0.66	10.3757	0.000770814
0.88	0.68	10.3812	0.000806449
0.9	0.64	10.3669	0.000691167
0.9	0.66	10.3717	0.000724117
0.9	0.68	10.3769	0.000758084
0.86	0.7	10.3927	0.000838516
0.86	0.72	10.399	0.000872163
0.86	0.74	10.4056	0.000905858
0.88	0.7	10.3876	0.000793056
0.88	0.72	10.3937	0.000826144
0.88	0.74	10.4	0.000859321
0.9	0.7	10.3829	0.000751936
0.9	0.72	10.3887	0.000784413
0.9	0.74	10.3947	0.000817032
0.86	0.76	10.4112	0.000962266
0.86	0.78	10.418	0.000996937
0.86	0.8	10.4248	0.00103143
0.88	0.76	10.4054	0.000917522
0.88	0.78	10.412	0.000951717
0.88	0.8	10.4186	0.000985753
0.9	0.76	10.4	0.000876524
0.9	0.78	10.4063	0.000910225
0.9	0.8	10.4128	0.000943791
0.92	0.4	10.3912	0.000730875
0.92	0.42	10.3791	0.0007002
0.92	0.44	10.3698	0.000678728
0.94	0.4	10.3982	0.000721932
0.94	0.42	10.3848	0.000684286
0.94	0.44	10.3742	0.000656315
0.96	0.4	10.406	0.000726486
0.96	0.42	10.391	0.000682665
0.96	0.44	10.3792	0.000648885
0.92	0.46	10.3622	0.00059785
0.92	0.48	10.3573	0.000579254
0.92	0.5	10.3541	0.000569674
0.94	0.46	10.3657	0.000600661
0.94	0.48	10.3597	0.000576634
0.94	0.5	10.3556	0.000561947
0.96	0.46	10.3697	0.000610196
0.96	0.48	10.3627	0.000581004
0.96	0.5	10.3577	0.000561372
0.92	0.52	10.353	0.000532412
0.92	0.54	10.3526	0.000542222
0.92	0.56	10.3533	0.000557241
0.94	0.52	10.3538	0.000521994
0.94	0.54	10.3526	0.000527583
0.94	0.56	10.3527	0.000538892
0.96	0.52	10.355	0.000517357
0.96	0.54	10.3531	0.000518667
0.96	0.56	10.3524	0.000526171
0.92	0.58	10.3539	0.000563947
0.92	0.6	10.3564	0.000586823
0.92	0.62	10.3596	0.000612526
0.94	0.58	10.3527	0.000541393
0.94	0.6	10.3546	0.000561471
0.94	0.62	10.3573	0.000584824
0.96	0.58	10.3519	0.000524701
0.96	0.6	10.3533	0.000541767
0.96	0.62	10.3555	0.000562584
0.92	0.64	10.3629	0.000673937
0.92	0.66	10.3672	0.000706078
0.92	0.68	10.372	0.000739136
0.94	0.64	10.3602	0.000636869
0.94	0.66	10.364	0.000667534
0.94	0.68	10.3684	0.000699324
0.96	0.64	10.3578	0.000605274
0.96	0.66	10.3613	0.000634295
0.96	0.68	10.3652	0.000664687
0.92	0.7	10.3787	0.000746195
0.92	0.72	10.3842	0.000779017
0.92	0.74	10.3899	0.000812152
0.94	0.7	10.3749	0.000716554
0.94	0.72	10.3801	0.00074833
0.94	0.74	10.3855	0.000780515
0.96	0.7	10.3715	0.00069037
0.96	0.72	10.3763	0.000721023
0.96	0.74	10.3815	0.000752194
0.92	0.76	10.3951	0.000982164
0.92	0.78	10.4012	0.00101317
0.92	0.8	10.4074	0.00104428
0.94	0.76	10.3902	0.000898573
0.94	0.78	10.3961	0.000929988
0.94	0.8	10.4022	0.000961527
0.96	0.76	10.3857	0.000828997
0.96	0.78	10.3914	0.000860631
0.96	0.8	10.3972	0.000892418
0.98	0.4	10.4131	0.000756232
0.98	0.42	10.3967	0.000709625
0.98	0.44	10.3835	0.000672074
1	0.4	10.4221	0.000780072
1	0.42	10.4042	0.000730225
1	0.44	10.3898	0.000689668
1.02	0.4	10.4317	0.000805827
1.02	0.42	10.4123	0.000752927
1.02	0.44	10.3965	0.000709653
0.98	0.46	10.3744	0.000606974
0.98	0.48	10.3663	0.000579032
0.98	0.5	10.3603	0.000560399
1	0.46	10.3794	0.000625556
1	0.48	10.3703	0.00059351
1	0.5	10.3633	0.000570876
1.02	0.46	10.3849	0.000648727
1.02	0.48	10.3747	0.000613165
1.02	0.5	10.3668	0.00058711
0.98	0.52	10.3562	0.000542006
0.98	0.54	10.3536	0.000535462
0.98	0.56	10.3524	0.00053637
1	0.52	10.3583	0.000548243
1	0.54	10.3549	0.000537513
1	0.56	10.353	0.000534402
1.02	0.52	10.3608	0.000563908
1.02	0.54	10.3566	0.000549181
1.02	0.56	10.3539	0.000542119
0.98	0.58	10.3511	0.000541576
0.98	0.6	10.3519	0.000557396
0.98	0.62	10.3535	0.000576736
1	0.58	10.3511	0.000535338
1	0.6	10.3513	0.000548232
1	0.62	10.3524	0.000564979
1.02	0.58	10.3516	0.000533231
1.02	0.6	10.3511	0.000543174
1.02	0.62	10.3517	0.00055729
0.98	0.64	10.3574	0.000578706
0.98	0.66	10.3606	0.000604419
0.98	0.68	10.3644	0.000632315
1	0.64	10.3557	0.000563405
1	0.66	10.3585	0.000586805
1	0.68	10.3618	0.000612696
1.02	0.64	10.3544	0.000554508
1.02	0.66	10.3567	0.000575288
1.02	0.68	10.3596	0.000598891
0.98	0.7	10.3682	0.00067005
0.98	0.72	10.3728	0.000699308
0.98	0.74	10.3778	0.000729532
1	0.7	10.3652	0.00064858
1	0.72	10.3695	0.000676274
1	0.74	10.3742	0.000705119
1.02	0.7	10.3627	0.0006319
1.02	0.72	10.3666	0.000657911
1.02	0.74	10.3709	0.000685271
0.98	0.76	10.3809	0.000746041
0.98	0.78	10.3863	0.000776514
0.98	0.8	10.3919	0.000807209
1	0.76	10.3771	0.000724016
1	0.78	10.3822	0.000753535
1	0.8	10.3876	0.000783338
1.02	0.76	10.3737	0.000705147
1.02	0.78	10.3785	0.000733675
1.02	0.8	10.3836	0.000762558
1.04	0.4	10.4447	0.000897478
1.04	0.42	10.4237	0.000840929
1.04	0.44	10.4063	0.000793049
1.06	0.4	10.4554	0.000925545
1.06	0.42	10.4329	0.000866484
1.06	0.44	10.4142	0.000816504
1.08	0.4	10.4667	0.000954522
1.08	0.42	10.4426	0.000892907
1.08	0.44	10.4225	0.000840857
1.04	0.46	10.3915	0.000706048
1.04	0.48	10.3801	0.000671139
1.04	0.5	10.371	0.000644267
1.06	0.46	10.3982	0.00072912
1.06	0.48	10.3856	0.000691504
1.06	0.5	10.3755	0.000662135
1.08	0.46	10.4053	0.000753543
1.08	0.48	10.3916	0.000713316
1.08	0.5	10.3805	0.000681585
1.04	0.52	10.3635	0.000571508
1.04	0.54	10.3585	0.00055521
1.04	0.56	10.355	0.000546754
1.06	0.52	10.367	0.000587869
1.06	0.54	10.3611	0.000568073
1.06	0.56	10.3569	0.000556239
1.08	0.52	10.3709	0.00060697
1.08	0.54	10.3642	0.000583892
1.08	0.56	10.3592	0.000568889
1.04	0.58	10.3539	0.000526238
1.04	0.6	10.3528	0.000533524
1.04	0.62	10.3528	0.000545574
1.06	0.58	10.3551	0.000529979
1.06	0.6	10.3534	0.000534537
1.06	0.62	10.3528	0.000544167
1.08	0.58	10.3567	0.000537106
1.08	0.6	10.3544	0.000539016
1.08	0.62	10.3532	0.000546278
1.04	0.64	10.3516	0.000543626
1.04	0.66	10.3532	0.000559683
1.04	0.68	10.3555	0.000578766
1.06	0.64	10.3511	0.000543848
1.06	0.66	10.3523	0.000557455
1.06	0.68	10.3541	0.000574283
1.08	0.64	10.351	0.000547592
1.08	0.66	10.3516	0.000558805
1.08	0.68	10.353	0.00057341
1.04	0.7	10.3597	0.000637557
1.04	0.72	10.3632	0.000661352
1.04	0.74	10.3671	0.000686245
1.06	0.7	10.3578	0.000627627
1.06	0.72	10.361	0.000650138
1.06	0.74	10.3645	0.000673885
1.08	0.7	10.3563	0.000620406
1.08	0.72	10.359	0.000641582
1.08	0.74	10.3623	0.000664144
1.04	0.76	10.3715	0.000682758
1.04	0.78	10.3761	0.000712228
1.04	0.8	10.381	0.000742285
1.06	0.76	10.3686	0.000673609
1.06	0.78	10.3729	0.000701861
1.06	0.8	10.3775	0.000730815
1.08	0.76	10.3661	0.000669735
1.08	0.78	10.37	0.00069678
1.08	0.8	10.3744	0.000724639
1.1	0.4	10.4763	0.000963986
1.1	0.42	10.4507	0.000898354
1.1	0.44	10.4294	0.000844338
1.12	0.4	10.4885	0.00099655
1.12	0.42	10.4613	0.00092814
1.12	0.44	10.4385	0.000871869
1.14	0.4	10.5011	0.00102986
1.14	0.42	10.4724	0.000958603
1.14	0.44	10.4481	0.000900046
1.1	0.46	10.4117	0.000759426
1.1	0.48	10.397	0.000715463
1.1	0.5	10.385	0.000680643
1.12	0.46	10.4197	0.000787166
1.12	0.48	10.4038	0.00074069
1.12	0.5	10.3907	0.00070362
1.14	0.46	10.428	0.000815686
1.14	0.48	10.411	0.000766717
1.14	0.5	10.3968	0.000727463
1.1	0.52	10.376	0.000647726
1.1	0.54	10.3684	0.000626884
1.1	0.56	10.3626	0.000612554
1.12	0.52	10.3808	0.000668283
1.12	0.54	10.3723	0.000645065
1.12	0.56	10.3656	0.000628463
1.14	0.52	10.3859	0.000689864
1.14	0.54	10.3765	0.000664377
1.14	0.56	10.3691	0.000645633
1.1	0.58	10.357	0.000600008
1.1	0.6	10.3539	0.000594076
1.1	0.62	10.3521	0.000593601
1.12	0.58	10.3593	0.000619074
1.12	0.6	10.3556	0.000611372
1.12	0.62	10.3531	0.000609143
1.14	0.58	10.362	0.000639599
1.14	0.6	10.3576	0.000630343
1.14	0.62	10.3545	0.000626587
1.1	0.64	10.3515	0.000571762
1.1	0.66	10.3518	0.000580677
1.1	0.68	10.3529	0.000593106
1.12	0.64	10.352	0.000578071
1.12	0.66	10.3518	0.000584877
1.12	0.68	10.3523	0.00059536
1.14	0.64	10.3528	0.000586418
1.14	0.66	10.352	0.000591189
1.14	0.68	10.3521	0.000599788
1.1	0.7	10.3552	0.000614087
1.1	0.72	10.3574	0.000630983
1.1	0.74	10.3602	0.000649552
1.12	0.7	10.3543	0.000615813
1.12	0.72	10.3561	0.000631286
1.12	0.74	10.3586	0.000648539
1.14	0.7	10.3537	0.000619775
1.14	0.72	10.3552	0.000633875
1.14	0.74	10.3572	0.000649859
1.1	0.76	10.364	0.000664708
1.1	0.78	10.3679	0.000690507
1.1	0.8	10.3722	0.000716967
1.12	0.76	10.3619	0.00066098
1.12	0.78	10.3655	0.000686017
1.12	0.8	10.3694	0.000711828
1.14	0.76	10.36	0.000659251
1.14	0.78	10.3633	0.000683513
1.14	0.8	10.367	0.000708671
1.16	0.4	10.5142	0.00107156
1.16	0.42	10.4836	0.00101622
1.16	0.44	10.4578	0.000971653
1.18	0.4	10.5279	0.00109986
1.18	0.42	10.4957	0.00104188
1.18	0.44	10.4684	0.000995369
1.2	0.4	10.5421	0.0011286
1.2	0.42	10.5082	0.0010678
1.2	0.44	10.4794	0.00101921
1.16	0.46	10.4369	0.00090341
1.16	0.48	10.4188	0.000856315
1.16	0.5	10.4036	0.000817518
1.18	0.46	10.4461	0.000931096
1.18	0.48	10.4267	0.000881919
1.18	0.5	10.4105	0.000841386
1.2	0.46	10.4556	0.000959096
1.2	0.48	10.435	0.00090776
1.2	0.5	10.4177	0.000865454
1.16	0.52	10.3897	0.000739962
1.16	0.54	10.3794	0.000711311
1.16	0.56	10.3711	0.000690055
1.18	0.52	10.3956	0.000764807
1.18	0.54	10.3844	0.000734267
1.18	0.56	10.3753	0.00071129
1.2	0.52	10.4018	0.000790027
1.2	0.54	10.3897	0.000757597
1.2	0.56	10.3797	0.000732918
1.16	0.58	10.3657	0.000659439
1.16	0.6	10.3608	0.000646599
1.16	0.62	10.3572	0.000638703
1.18	0.58	10.369	0.000681462
1.18	0.6	10.3634	0.000666862
1.18	0.62	10.3592	0.000657324
1.2	0.58	10.3727	0.000704355
1.2	0.6	10.3663	0.000688056
1.2	0.62	10.3615	0.00067695
1.16	0.64	10.3552	0.000620728
1.16	0.66	10.3539	0.000618904
1.16	0.68	10.3536	0.000621258
1.18	0.64	10.3566	0.000637765
1.18	0.66	10.3548	0.000634158
1.18	0.68	10.3539	0.000634722
1.2	0.64	10.3583	0.000655871
1.2	0.66	10.3559	0.000650648
1.2	0.68	10.3546	0.000649598
1.16	0.7	10.3512	0.00198662
1.16	0.72	10.3522	0.00198757
1.16	0.74	10.354	0.0019895
1.18	0.7	10.3509	0.00218538
1.18	0.72	10.3516	0.00218534
1.18	0.74	10.3529	0.00218624
1.2	0.7	10.3509	0.00237977
1.2	0.72	10.3511	0.002379
1.2	0.74	10.3521	0.00237913
1.16	0.76	10.3575	0.000646162
1.16	0.78	10.3602	0.000665422
1.16	0.8	10.3634	0.000686058
1.18	0.76	10.3564	0.000650686
1.18	0.78	10.3587	0.000668701
1.18	0.8	10.3616	0.000688174
1.2	0.76	10.3555	0.000656905
1.2	0.78	10.3575	0.00067373
1.2	0.8	10.36	0.000692088
