0.7	0.2	3.00122	0.000330179
0.7	0.215	3.00117	0.000340382
0.7	0.23	3.00149	0.000354773
0.715	0.2	3.00124	0.000304439
0.715	0.215	3.00096	0.000310649
0.715	0.23	3.00105	0.000322042
0.73	0.2	3.00143	0.000282891
0.73	0.215	3.0009	0.000284397
0.73	0.23	3.00078	0.000292166
0.7	0.245	3.0021	0.000320875
0.7	0.26	3.00298	0.000338189
0.7	0.275	3.00407	0.000357216
0.715	0.245	3.00146	0.000290688
0.715	0.26	3.00218	0.000306296
0.715	0.275	3.00311	0.000324169
0.73	0.245	3.00098	0.000262817
0.73	0.26	3.00151	0.000276297
0.73	0.275	3.00229	0.000292731
0.7	0.29	3.006	0.000681445
0.7	0.305	3.00743	0.000705213
0.7	0.32	3.00899	0.000728975
0.715	0.29	3.00485	0.000625436
0.715	0.305	3.00616	0.000648359
0.715	0.32	3.00761	0.000671399
0.73	0.29	3.00383	0.000571944
0.73	0.305	3.00502	0.000593956
0.73	0.32	3.00635	0.000616232
0.7	0.335	3.01038	0.000498167
0.7	0.35	3.01212	0.000520974
0.7	0.365	3.01392	0.000543491
0.715	0.335	3.00892	0.00045955
0.715	0.35	3.01056	0.000482273
0.715	0.365	3.01228	0.000504754
0.73	0.335	3.00757	0.000422286
0.73	0.35	3.00913	0.000444914
0.73	0.365	3.01076	0.000467358
0.7	0.38	3.01566	0.000550617
0.7	0.395	3.01756	0.000571938
0.7	0.41	3.01949	0.00059292
0.715	0.38	3.01397	0.000512422
0.715	0.395	3.0158	0.000533724
0.715	0.41	3.01767	0.0005547
0.73	0.38	3.01239	0.00047558
0.73	0.395	3.01415	0.000496872
0.73	0.41	3.01595	0.000517853
0.7	0.425	3.02273	0.000744706
0.7	0.44	3.02476	0.000765722
0.7	0.455	3.0268	0.0007864
0.715	0.425	3.02078	0.000695207
0.715	0.44	3.02276	0.000716049
0.715	0.455	3.02476	0.000736563
0.73	0.425	3.01893	0.000647672
0.73	0.44	3.02086	0.000668356
0.73	0.455	3.02281	0.000688719
0.7	0.47	3.02615	0.000583454
0.7	0.485	3.02813	0.000602179
0.7	0.5	3.03011	0.000620486
0.715	0.47	3.02424	0.000554727
0.715	0.485	3.02618	0.000573587
0.715	0.5	3.02813	0.000592019
0.73	0.47	3.02241	0.000526943
0.73	0.485	3.02432	0.000545941
0.73	0.5	3.02624	0.000564501
0.745	0.2	3.00183	0.000277075
0.745	0.215	3.00108	0.000270595
0.745	0.23	3.00078	0.000271758
0.76	0.2	3.00231	0.000266159
0.76	0.215	3.0013	0.000253591
0.76	0.23	3.00076	0.000249494
0.775	0.2	3.00297	0.000260343
0.775	0.215	3.00168	0.00024142
0.775	0.23	3.0009	0.000231449
0.745	0.245	3.00065	0.000264245
0.745	0.26	3.00104	0.000276743
0.745	0.275	3.00169	0.000292554
0.76	0.245	3.00043	0.000238774
0.76	0.26	3.00063	0.000248176
0.76	0.275	3.00112	0.000261808
0.775	0.245	3.00036	0.000216743
0.775	0.26	3.00037	0.000222319
0.775	0.275	3.00068	0.00023321
0.745	0.29	3.00234	0.000277985
0.745	0.305	3.00332	0.000298193
0.745	0.32	3.00447	0.000319371
0.76	0.29	3.00167	0.00024802
0.76	0.305	3.00251	0.00026734
0.76	0.32	3.00353	0.000288006
0.775	0.29	3.00111	0.000219655
0.775	0.305	3.00181	0.000237827
0.775	0.32	3.0027	0.000257842
0.745	0.335	3.00643	0.000393304
0.745	0.35	3.00787	0.00041428
0.745	0.365	3.00941	0.000435341
0.76	0.335	3.00532	0.000357495
0.76	0.35	3.00666	0.000378179
0.76	0.365	3.00811	0.00039905
0.775	0.335	3.00432	0.000323096
0.775	0.35	3.00556	0.000343456
0.775	0.365	3.00691	0.000364129
0.745	0.38	3.01087	0.000426887
0.745	0.395	3.01258	0.000448144
0.745	0.41	3.01434	0.00046908
0.76	0.38	3.00951	0.00039397
0.76	0.395	3.01115	0.000415262
0.76	0.41	3.01284	0.000436249
0.775	0.38	3.00826	0.000362222
0.775	0.395	3.00982	0.000383557
0.775	0.41	3.01144	0.000404608
0.745	0.425	3.01622	0.000533813
0.745	0.44	3.01803	0.000554068
0.745	0.455	3.01987	0.000573976
0.76	0.425	3.01463	0.000496843
0.76	0.44	3.01638	0.000517104
0.76	0.455	3.01817	0.00053702
0.775	0.425	3.01313	0.000461321
0.775	0.44	3.01483	0.000481606
0.775	0.455	3.01656	0.000501548
0.745	0.47	3.02198	0.000602289
0.745	0.485	3.02387	0.000620761
0.745	0.5	3.02578	0.000638908
0.76	0.47	3.02022	0.000564141
0.76	0.485	3.02207	0.000582605
0.76	0.5	3.02394	0.000600742
0.775	0.47	3.01855	0.000527589
0.775	0.485	3.02036	0.000546064
0.775	0.5	3.02218	0.00056421
0.79	0.2	3.00349	0.000245344
0.79	0.215	3.00196	0.000220471
0.79	0.23	3.00096	0.000204358
0.805	0.2	3.00446	0.000250386
0.805	0.215	3.00265	0.000219835
0.805	0.23	3.00139	0.000197505
0.82	0.2	3.00558	0.000259353
0.82	0.215	3.00348	0.00022387
0.82	0.23	3.00196	0.000195806
0.79	0.245	3.00032	0.000210968
0.79	0.26	3.00017	0.000211794
0.79	0.275	3.00033	0.000218827
0.805	0.245	3.00051	0.000196169
0.805	0.26	3.00015	0.000191796
0.805	0.275	3.00013	0.000194752
0.82	0.245	3.00083	0.000186196
0.82	0.26	3.00026	0.000175967
0.82	0.275	3.00006	0.000173971
0.79	0.29	3.00104	0.000308552
0.79	0.305	3.00168	0.000324297
0.79	0.32	3.00251	0.000341648
0.805	0.29	3.00067	0.000274609
0.805	0.305	3.00116	0.000288644
0.805	0.32	3.00185	0.000304786
0.82	0.29	3.00042	0.000243187
0.82	0.305	3.00075	0.000255119
0.82	0.32	3.00131	0.000269801
0.79	0.335	3.00392	0.000517463
0.79	0.35	3.00506	0.000538667
0.79	0.365	3.00633	0.000560179
0.805	0.335	3.0031	0.000464632
0.805	0.35	3.00412	0.000484921
0.805	0.365	3.00529	0.000505684
0.82	0.335	3.00239	0.000414264
0.82	0.35	3.0033	0.000433574
0.82	0.365	3.00436	0.000453559
0.79	0.38	3.00729	0.000310206
0.79	0.395	3.0088	0.000332082
0.79	0.41	3.01038	0.000353616
0.805	0.38	3.00621	0.000283133
0.805	0.395	3.00763	0.000305154
0.805	0.41	3.00914	0.00032685
0.82	0.38	3.00523	0.000257012
0.82	0.395	3.00657	0.000279188
0.82	0.41	3.008	0.00030106
0.79	0.425	3.01226	0.000418494
0.79	0.44	3.01394	0.000439816
0.79	0.455	3.01567	0.000460768
0.805	0.425	3.01091	0.000387033
0.805	0.44	3.01253	0.00040844
0.805	0.455	3.0142	0.000429471
0.82	0.425	3.00965	0.00035685
0.82	0.44	3.0112	0.000378359
0.82	0.455	3.01281	0.000399488
0.79	0.47	3.01663	0.000460702
0.79	0.485	3.0184	0.000479967
0.79	0.5	3.02019	0.000498792
0.805	0.47	3.01518	0.000432584
0.805	0.485	3.0169	0.000451988
0.805	0.5	3.01865	0.000470939
0.82	0.47	3.01382	0.000405634
0.82	0.485	3.01549	0.000425191
0.82	0.5	3.01719	0.00044428
0.835	0.2	3.00724	0.000289065
0.835	0.215	3.00479	0.000257834
0.835	0.23	3.00296	0.000233825
0.85	0.2	3.00869	0.000295431
0.85	0.215	3.00593	0.000259585
0.85	0.23	3.00382	0.00023036
0.865	0.2	3.01029	0.000305267
0.865	0.215	3.00721	0.000265545
0.865	0.23	3.00482	0.000231809
0.835	0.245	3.0016	0.00017644
0.835	0.26	3.00076	0.000159018
0.835	0.275	3.00031	0.000150442
0.85	0.245	3.0022	0.00017831
0.85	0.26	3.00114	0.000154819
0.85	0.275	3.00049	0.000139664
0.865	0.245	3.00294	0.000184719
0.865	0.26	3.00165	0.000156003
0.865	0.275	3.00079	0.000134518
0.835	0.29	3.00025	0.000181347
0.835	0.305	3.00042	0.00019056
0.835	0.32	3.00084	0.000204305
0.85	0.29	3.00023	0.000159779
0.85	0.305	3.00024	0.000164902
0.85	0.32	3.00051	0.000175914
0.865	0.29	3.00033	0.000142856
0.865	0.305	3.00017	0.000142732
0.865	0.32	3.00029	0.000150059
0.835	0.335	3.00135	0.000190192
0.835	0.35	3.00218	0.000210267
0.835	0.365	3.00317	0.000231483
0.85	0.335	3.00089	0.000163262
0.85	0.35	3.00161	0.000182556
0.85	0.365	3.00248	0.000203442
0.865	0.335	3.00055	0.000138076
0.865	0.35	3.00113	0.000156262
0.865	0.365	3.0019	0.000176692
0.835	0.38	3.00417	0.000233997
0.835	0.395	3.00538	0.000255048
0.835	0.41	3.00669	0.000276106
0.85	0.38	3.00339	0.000208224
0.85	0.395	3.00451	0.000229317
0.85	0.41	3.00573	0.000250475
0.865	0.38	3.00271	0.00018365
0.865	0.395	3.00373	0.000204775
0.865	0.41	3.00487	0.00022604
0.835	0.425	3.00758	0.000307039
0.835	0.44	3.009	0.000329121
0.835	0.455	3.01049	0.000350725
0.85	0.425	3.00659	0.000282702
0.85	0.44	3.00794	0.000304979
0.85	0.455	3.00936	0.000326764
0.865	0.425	3.00568	0.00025941
0.865	0.44	3.00696	0.000281888
0.865	0.455	3.00831	0.000303858
0.835	0.47	3.01281	0.000418159
0.835	0.485	3.01443	0.000437243
0.835	0.5	3.01609	0.000456023
0.85	0.47	3.01153	0.000385815
0.85	0.485	3.0131	0.000404951
0.85	0.5	3.0147	0.000423775
0.865	0.47	3.01034	0.000355164
0.865	0.485	3.01185	0.000374381
0.865	0.5	3.0134	0.000393273
0.88	0.2	3.01194	0.000306591
0.88	0.215	3.00853	0.000261071
0.88	0.23	3.00584	0.000220382
0.895	0.2	3.01384	0.000325641
0.895	0.215	3.0101	0.000278307
0.895	0.23	3.00711	0.000235538
0.91	0.2	3.01588	0.000345627
0.91	0.215	3.0118	0.000296828
0.91	0.23	3.00851	0.00025248
0.88	0.245	3.00384	0.000206125
0.88	0.26	3.00234	0.000178544
0.88	0.275	3.00128	0.000157278
0.895	0.245	3.00482	0.000213894
0.895	0.26	3.00307	0.000182268
0.895	0.275	3.0018	0.000156011
0.91	0.245	3.00592	0.000224877
0.91	0.26	3.00393	0.000190135
0.91	0.275	3.00244	0.000159897
0.88	0.29	3.00055	0.000122168
0.88	0.305	3.0002	0.000112669
0.88	0.32	3.00014	0.000112354
0.895	0.29	3.00091	0.000120768
0.895	0.305	3.00039	0.000104501
0.895	0.32	3.00016	9.74822e-05
0.91	0.29	3.00138	0.000125103
0.91	0.305	3.00067	0.000102918
0.91	0.32	3.00029	8.87162e-05
0.88	0.335	3.00042	0.000107928
0.88	0.35	3.00089	0.000125185
0.88	0.365	3.00153	0.000145716
0.895	0.335	3.00024	8.9215e-05
0.895	0.35	3.00057	0.000103762
0.895	0.365	3.0011	0.000123234
0.91	0.335	3.00016	7.48503e-05
0.91	0.35	3.00036	8.49647e-05
0.91	0.365	3.00076	0.000102588
0.88	0.38	3.00217	0.000192128
0.88	0.395	3.00308	0.000212851
0.88	0.41	3.00412	0.00023402
0.895	0.38	3.00166	0.000164923
0.895	0.395	3.00247	0.000185497
0.895	0.41	3.00341	0.000206695
0.91	0.38	3.00123	0.000139487
0.91	0.395	3.00194	0.000159814
0.91	0.41	3.00278	0.000181016
0.88	0.425	3.00515	0.000234149
0.88	0.44	3.00636	0.000255856
0.88	0.455	3.00766	0.000277133
0.895	0.425	3.00437	0.000211875
0.895	0.44	3.00551	0.000233764
0.895	0.455	3.00674	0.000255209
0.91	0.425	3.00368	0.000190919
0.91	0.44	3.00474	0.000212973
0.91	0.455	3.00589	0.000234573
0.88	0.47	3.01006	0.00046229
0.88	0.485	3.01154	0.000481242
0.88	0.5	3.01308	0.000500065
0.895	0.47	3.00894	0.000408514
0.895	0.485	3.01035	0.000427324
0.895	0.5	3.01183	0.000446011
0.91	0.47	3.00789	0.000358485
0.91	0.485	3.00924	0.000377299
0.91	0.5	3.01066	0.000395988
0.925	0.2	3.01849	0.000373358
0.925	0.215	3.01399	0.000323744
0.925	0.23	3.01034	0.000278386
0.94	0.2	3.02083	0.000394485
0.94	0.215	3.01598	0.000343876
0.94	0.23	3.01201	0.00029758
0.955	0.2	3.0233	0.000415859
0.955	0.215	3.01809	0.000364362
0.955	0.23	3.0138	0.000317287
0.925	0.245	3.00733	0.000236485
0.925	0.26	3.00505	0.000197872
0.925	0.275	3.0033	0.000162764
0.94	0.245	3.0087	0.000254144
0.94	0.26	3.00617	0.000214329
0.94	0.275	3.00418	0.000177748
0.955	0.245	3.01018	0.000272603
0.955	0.26	3.00739	0.000231922
0.955	0.275	3.00518	0.000194373
0.925	0.29	3.00193	0.000158664
0.925	0.305	3.00103	0.000139463
0.925	0.32	3.00048	0.000127463
0.94	0.29	3.00258	0.000158934
0.94	0.305	3.0015	0.000134006
0.94	0.32	3.00078	0.000115224
0.955	0.29	3.00334	0.000165542
0.955	0.305	3.00207	0.000136429
0.955	0.32	3.00117	0.000112023
0.925	0.335	3.00027	7.82288e-05
0.925	0.35	3.00034	8.03138e-05
0.925	0.365	3.00062	9.15485e-05
0.94	0.335	3.0004	7.34521e-05
0.94	0.35	3.00032	6.81438e-05
0.94	0.365	3.00048	7.45196e-05
0.955	0.335	3.00062	7.67799e-05
0.955	0.35	3.0004	6.4031e-05
0.955	0.365	3.00042	6.34803e-05
0.925	0.38	3.00101	0.000118094
0.925	0.395	3.00163	0.000137246
0.925	0.41	3.00239	0.000157678
0.94	0.38	3.00074	9.69089e-05
0.94	0.395	3.00124	0.000115359
0.94	0.41	3.0019	0.00013564
0.955	0.38	3.00056	7.97962e-05
0.955	0.395	3.00095	9.67572e-05
0.955	0.41	3.0015	0.000116494
0.925	0.425	3.00339	0.000183728
0.925	0.44	3.00441	0.000205507
0.925	0.455	3.00553	0.000227037
0.94	0.425	3.00279	0.000162676
0.94	0.44	3.00372	0.0001846
0.94	0.455	3.00477	0.000206291
0.955	0.425	3.00227	0.000144085
0.955	0.44	3.00311	0.00016601
0.955	0.455	3.00407	0.000187758
0.925	0.47	3.0064	0.000235916
0.925	0.485	3.00764	0.000257294
0.925	0.5	3.00894	0.000278149
0.94	0.47	3.00566	0.00021952
0.94	0.485	3.00683	0.000240929
0.94	0.5	3.00807	0.000261819
0.955	0.47	3.00499	0.000204374
0.955	0.485	3.00609	0.000225746
0.955	0.5	3.00727	0.000246619
0.97	0.2	3.02608	0.000419773
0.97	0.215	3.02052	0.000369291
0.97	0.23	3.01592	0.000323336
0.985	0.2	3.02883	0.000439701
0.985	0.215	3.0229	0.000388378
0.985	0.23	3.01797	0.000341742
1	0.2	3.0317	0.000459705
1	0.215	3.0254	0.000407568
1	0.23	3.02013	0.000360295
0.97	0.245	3.01178	0.000294921
0.97	0.26	3.00872	0.000253418
0.97	0.275	3.00627	0.000215036
0.985	0.245	3.01349	0.000314077
0.985	0.26	3.01016	0.000272084
0.985	0.275	3.00746	0.000233267
1	0.245	3.0153	0.000333408
1	0.26	3.01171	0.000291008
1	0.275	3.00876	0.000251878
0.97	0.29	3.00433	0.000172812
0.97	0.305	3.00282	0.000140471
0.97	0.32	3.00171	0.000111516
0.985	0.29	3.00531	0.000189912
0.985	0.305	3.00361	0.000156967
0.985	0.32	3.00232	0.000127174
1	0.29	3.0064	0.00020758
1	0.305	3.00449	0.000174289
1	0.32	3.00301	0.000144084
0.97	0.335	3.001	0.000102019
0.97	0.35	3.00055	8.67502e-05
0.97	0.365	3.00036	8.07088e-05
0.985	0.335	3.00143	0.000107571
0.985	0.35	3.00082	8.70761e-05
0.985	0.365	3.00049	7.44072e-05
1	0.335	3.00194	0.000121019
1	0.35	3.00118	9.8185e-05
1	0.365	3.00071	8.15834e-05
0.97	0.38	3.00043	6.64045e-05
0.97	0.395	3.0007	8.16157e-05
0.97	0.41	3.00115	0.000100811
0.985	0.38	3.00044	6.4094e-05
0.985	0.395	3.00059	7.42781e-05
0.985	0.41	3.00093	9.0688e-05
1	0.38	3.00053	6.86156e-05
1	0.395	3.00056	7.27996e-05
1	0.41	3.00079	8.5082e-05
0.97	0.425	3.00151	0.000125383
0.97	0.44	3.0022	0.000146985
0.97	0.455	3.003	0.000168419
0.985	0.425	3.00124	0.000114799
0.985	0.44	3.00183	0.000135569
0.985	0.455	3.00254	0.000156487
1	0.425	3.00103	0.000107192
1	0.44	3.00153	0.000126602
1	0.455	3.00216	0.000146659
0.97	0.47	3.00405	0.000191358
0.97	0.485	3.0051	0.000211198
0.97	0.5	3.00622	0.000230579
0.985	0.47	3.00348	0.000178336
0.985	0.485	3.00445	0.000197925
0.985	0.5	3.00551	0.000217115
1	0.47	3.00298	0.000167401
1	0.485	3.00387	0.000186564
1	0.5	3.00486	0.000205435
