0.8	0.4	10.3023	0.000633696
0.8	0.42	10.2966	0.000615298
0.8	0.44	10.2929	0.000607078
0.82	0.4	10.3065	0.000633098
0.82	0.42	10.2995	0.00060761
0.82	0.44	10.2947	0.000592713
0.84	0.4	10.3114	0.000638986
0.84	0.42	10.3031	0.000606684
0.84	0.44	10.2972	0.000585255
0.8	0.46	10.2903	0.00119316
0.8	0.48	10.2898	0.00124291
0.8	0.5	10.2906	0.00129401
0.82	0.46	10.2911	0.00105591
0.82	0.48	10.2897	0.00109785
0.82	0.5	10.2896	0.00114222
0.84	0.46	10.2924	0.000934511
0.84	0.48	10.2901	0.000967724
0.84	0.5	10.2892	0.00100461
0.8	0.52	10.2933	0.00063391
0.8	0.54	10.296	0.000655153
0.8	0.56	10.2995	0.00067952
0.82	0.52	10.2916	0.000599352
0.82	0.54	10.2937	0.000617646
0.82	0.56	10.2967	0.00063948
0.84	0.52	10.2905	0.000570212
0.84	0.54	10.292	0.00058531
0.84	0.56	10.2943	0.000604404
0.8	0.58	10.302	0.000694038
0.8	0.6	10.3066	0.000724465
0.8	0.62	10.3117	0.000755986
0.82	0.58	10.2987	0.00065211
0.82	0.6	10.3029	0.000680805
0.82	0.62	10.3075	0.000710795
0.84	0.58	10.2959	0.000614845
0.84	0.6	10.2996	0.000641655
0.84	0.62	10.3038	0.000670001
0.8	0.64	10.3201	0.000893805
0.8	0.66	10.326	0.00092988
0.8	0.68	10.3322	0.000966176
0.82	0.64	10.3154	0.000836815
0.82	0.66	10.3209	0.0008719
0.82	0.68	10.3268	0.000907306
0.84	0.64	10.3111	0.000784941
0.84	0.66	10.3163	0.000818979
0.84	0.68	10.3218	0.000853456
0.8	0.7	10.3386	0.00104337
0.8	0.72	10.3451	0.00107862
0.8	0.74	10.3517	0.00111354
0.82	0.7	10.3329	0.000979541
0.82	0.72	10.3392	0.0010145
0.82	0.74	10.3456	0.00104917
0.84	0.7	10.3276	0.000920277
0.84	0.72	10.3336	0.000954934
0.84	0.74	10.3398	0.000989331
0.8	0.76	10.355	0.00103382
0.8	0.78	10.3618	0.00106456
0.8	0.8	10.3686	0.00109508
0.82	0.76	10.3489	0.000982924
0.82	0.78	10.3555	0.00101345
0.82	0.8	10.3621	0.00104376
0.84	0.76	10.3432	0.000935579
0.84	0.78	10.3496	0.000965861
0.84	0.8	10.3561	0.000995931
0.86	0.4	10.3166	0.000668661
0.86	0.42	10.3071	0.000631131
0.86	0.44	10.3001	0.000605426
0.88	0.4	10.3228	0.000685093
0.88	0.42	10.312	0.00064121
0.88	0.44	10.3037	0.000609337
0.9	0.4	10.3296	0.00070605
0.9	0.42	10.3174	0.000656244
0.9	0.44	10.308	0.000618603
0.86	0.46	10.2949	0.000556249
0.86	0.48	10.2918	0.000549457
0.86	0.5	10.2902	0.000550936
0.88	0.46	10.2974	0.000553208
0.88	0.48	10.2933	0.000540418
0.88	0.5	10.2909	0.000536258
0.9	0.46	10.3005	0.000556505
0.9	0.48	10.2954	0.000538025
0.9	0.5	10.2921	0.000528387
0.86	0.52	10.2903	0.000566724
0.86	0.54	10.2911	0.000583847
0.86	0.56	10.2927	0.000605234
0.88	0.52	10.2903	0.0005452
0.88	0.54	10.2904	0.000558222
0.88	0.56	10.2914	0.000576148
0.9	0.52	10.2908	0.000529842
0.9	0.54	10.2902	0.000538522
0.9	0.56	10.2906	0.000552745
0.86	0.58	10.2953	0.00060219
0.86	0.6	10.2984	0.000628927
0.86	0.62	10.3022	0.000657857
0.88	0.58	10.2934	0.000568328
0.88	0.6	10.296	0.00059243
0.88	0.62	10.2993	0.000619091
0.9	0.58	10.2919	0.00054051
0.9	0.6	10.2941	0.000561799
0.9	0.62	10.2969	0.000586052
0.86	0.64	10.3063	0.000696388
0.86	0.66	10.311	0.000726207
0.86	0.68	10.3161	0.000756825
0.88	0.64	10.3031	0.000659993
0.88	0.66	10.3074	0.000688447
0.88	0.68	10.3121	0.00071787
0.9	0.64	10.3002	0.000628044
0.9	0.66	10.3041	0.000655002
0.9	0.68	10.3085	0.000683124
0.86	0.7	10.3196	0.000809022
0.86	0.72	10.3252	0.000841868
0.86	0.74	10.3309	0.000874763
0.88	0.7	10.3153	0.000768275
0.88	0.72	10.3206	0.00080038
0.88	0.74	10.3261	0.000832598
0.9	0.7	10.3114	0.000731225
0.9	0.72	10.3164	0.000762515
0.9	0.74	10.3216	0.000793999
0.86	0.76	10.3376	0.00101515
0.86	0.78	10.3438	0.00104453
0.86	0.8	10.3501	0.00107383
0.88	0.76	10.3325	0.000944906
0.88	0.78	10.3384	0.000974231
0.88	0.8	10.3445	0.0010035
0.9	0.76	10.3276	0.000881595
0.9	0.78	10.3333	0.000910815
0.9	0.8	10.3392	0.000940006
0.92	0.4	10.336	0.00071624
0.92	0.42	10.3226	0.000670474
0.92	0.44	10.3121	0.000634101
0.94	0.4	10.344	0.000737989
0.94	0.42	10.3292	0.000688235
0.94	0.44	10.3174	0.000648041
0.96	0.4	10.3526	0.000762384
0.96	0.42	10.3364	0.000708869
0.96	0.44	10.3233	0.00066516
0.92	0.46	10.3034	0.000581026
0.92	0.48	10.2974	0.000564385
0.92	0.5	10.2933	0.000555979
0.94	0.46	10.3075	0.00059027
0.94	0.48	10.3006	0.000568795
0.94	0.5	10.2955	0.000555884
0.96	0.46	10.3122	0.00060385
0.96	0.48	10.3043	0.000577807
0.96	0.5	10.2983	0.000560611
0.92	0.52	10.2917	0.000531336
0.92	0.54	10.2904	0.00053004
0.92	0.56	10.2902	0.000534601
0.94	0.52	10.2931	0.000529382
0.94	0.54	10.291	0.000523693
0.94	0.56	10.2902	0.00052417
0.96	0.52	10.2949	0.000533681
0.96	0.54	10.2921	0.00052383
0.96	0.56	10.2906	0.000520373
0.92	0.58	10.29	0.000530301
0.92	0.6	10.2917	0.000547097
0.92	0.62	10.2942	0.000567484
0.94	0.58	10.2894	0.000516815
0.94	0.6	10.2905	0.000530197
0.94	0.62	10.2924	0.000547588
0.96	0.58	10.2892	0.000508851
0.96	0.6	10.2897	0.00051876
0.96	0.62	10.2911	0.000533073
0.92	0.64	10.2982	0.000588559
0.92	0.66	10.3018	0.000613712
0.92	0.68	10.3058	0.000640358
0.94	0.64	10.2961	0.000562568
0.94	0.66	10.2993	0.000585865
0.94	0.68	10.3029	0.000610911
0.96	0.64	10.2944	0.0005414
0.96	0.66	10.2971	0.000562655
0.96	0.68	10.3004	0.000585939
0.92	0.7	10.31	0.000675629
0.92	0.72	10.3148	0.00070444
0.92	0.74	10.3199	0.000733653
0.94	0.7	10.3067	0.000651472
0.94	0.72	10.3112	0.000679263
0.94	0.74	10.316	0.000707558
0.96	0.7	10.3037	0.000630878
0.96	0.72	10.3079	0.000657574
0.96	0.74	10.3125	0.000684893
0.92	0.76	10.3239	0.000801487
0.92	0.78	10.3294	0.000832314
0.92	0.8	10.3351	0.000863032
0.94	0.76	10.3198	0.000766118
0.94	0.78	10.3251	0.000796191
0.94	0.8	10.3305	0.000826203
0.96	0.76	10.316	0.00073552
0.96	0.78	10.321	0.000764816
0.96	0.8	10.3262	0.00079411
0.98	0.4	10.3613	0.000813106
0.98	0.42	10.3437	0.000757995
0.98	0.44	10.3295	0.000712737
1	0.4	10.3709	0.000842
1	0.42	10.3519	0.000783394
1	0.44	10.3364	0.000735003
1.02	0.4	10.3811	0.000872749
1.02	0.42	10.3607	0.000810802
1.02	0.44	10.3437	0.000759517
0.98	0.46	10.3188	0.000643037
0.98	0.48	10.3097	0.000613382
0.98	0.5	10.3026	0.000591294
1	0.46	10.3246	0.00066261
1	0.48	10.3143	0.00062966
1	0.5	10.3063	0.000604335
1.02	0.46	10.3308	0.000684381
1.02	0.48	10.3195	0.000648359
1.02	0.5	10.3104	0.00062005
0.98	0.52	10.2966	0.000550573
0.98	0.54	10.293	0.000542659
0.98	0.56	10.2908	0.000541578
1	0.52	10.2994	0.000559611
1	0.54	10.295	0.000547319
1	0.56	10.2921	0.000542078
1.02	0.52	10.3026	0.000572872
1.02	0.54	10.2974	0.000556508
1.02	0.56	10.2937	0.000547351
0.98	0.58	10.29	0.000521233
0.98	0.6	10.2899	0.000532285
0.98	0.62	10.2906	0.000547406
1	0.58	10.2907	0.000520704
1	0.6	10.29	0.00052878
1	0.62	10.2902	0.00054126
1.02	0.58	10.2918	0.000523438
1.02	0.6	10.2905	0.00052854
1.02	0.62	10.2901	0.000538358
0.98	0.64	10.2912	0.00054385
0.98	0.66	10.2934	0.000559843
0.98	0.68	10.2963	0.000578383
1	0.64	10.2901	0.000535263
1	0.66	10.2919	0.000548984
1	0.68	10.2944	0.000565477
1.02	0.64	10.2894	0.000531076
1.02	0.66	10.2908	0.000542497
1.02	0.68	10.2928	0.000556902
0.98	0.7	10.3007	0.000587461
0.98	0.72	10.3044	0.000614292
0.98	0.74	10.3084	0.000642388
1	0.7	10.2985	0.000570933
1	0.72	10.3018	0.000596008
1	0.74	10.3056	0.000622574
1.02	0.7	10.2966	0.000558455
1.02	0.72	10.2996	0.000581623
1.02	0.74	10.303	0.000606524
0.98	0.76	10.3123	0.000746623
0.98	0.78	10.3171	0.00077547
0.98	0.8	10.3221	0.000804326
1	0.76	10.3091	0.000726642
1	0.78	10.3136	0.000754845
1	0.8	10.3184	0.000783112
1.02	0.76	10.3062	0.000709488
1.02	0.78	10.3105	0.000736998
1.02	0.8	10.315	0.000764637
1.04	0.4	10.394	0.000929502
1.04	0.42	10.3717	0.000868735
1.04	0.44	10.3531	0.000818664
1.06	0.4	10.4055	0.000961487
1.06	0.42	10.3816	0.000897506
1.06	0.44	10.3616	0.000844747
1.08	0.4	10.4174	0.000994407
1.08	0.42	10.3919	0.00092716
1.08	0.44	10.3706	0.000871715
1.04	0.46	10.3365	0.000737249
1.04	0.48	10.3241	0.000698719
1.04	0.5	10.3141	0.000667561
1.06	0.46	10.3437	0.000764315
1.06	0.48	10.3302	0.000723696
1.06	0.5	10.3191	0.000690691
1.08	0.46	10.3513	0.000792538
1.08	0.48	10.3367	0.000749937
1.08	0.5	10.3246	0.000715253
1.04	0.52	10.3058	0.000627762
1.04	0.54	10.2997	0.00060667
1.04	0.56	10.2952	0.000591177
1.06	0.52	10.31	0.000646352
1.06	0.54	10.303	0.000622958
1.06	0.56	10.2978	0.00060518
1.08	0.52	10.3145	0.000666344
1.08	0.54	10.3067	0.00064082
1.08	0.56	10.3007	0.000620951
1.04	0.58	10.2927	0.000541243
1.04	0.6	10.2906	0.00053795
1.04	0.62	10.2896	0.000539634
1.06	0.58	10.2945	0.000557815
1.06	0.6	10.2919	0.00055196
1.06	0.62	10.2903	0.000551061
1.08	0.58	10.2968	0.00057789
1.08	0.6	10.2934	0.000569815
1.08	0.62	10.2913	0.000566648
1.04	0.64	10.2904	0.000541203
1.04	0.66	10.2912	0.000556117
1.04	0.68	10.2928	0.000573772
1.06	0.64	10.2905	0.000541559
1.06	0.66	10.2908	0.000554353
1.06	0.68	10.2919	0.000570109
1.08	0.64	10.2908	0.000544783
1.08	0.66	10.2907	0.000555474
1.08	0.68	10.2913	0.000569344
1.04	0.7	10.2945	0.000608086
1.04	0.72	10.2972	0.000630075
1.04	0.74	10.3004	0.000653406
1.06	0.7	10.2931	0.000612953
1.06	0.72	10.2955	0.000633737
1.06	0.74	10.2983	0.000655942
1.08	0.7	10.2921	0.000623202
1.08	0.72	10.294	0.000642924
1.08	0.74	10.2965	0.00066413
1.04	0.76	10.3044	0.000668613
1.04	0.78	10.3083	0.000695074
1.04	0.8	10.3125	0.00072215
1.06	0.76	10.302	0.000656111
1.06	0.78	10.3057	0.000681465
1.06	0.8	10.3097	0.000707564
1.08	0.76	10.3	0.000646306
1.08	0.78	10.3033	0.000670492
1.08	0.8	10.307	0.000695563
1.1	0.4	10.4285	0.00105072
1.1	0.42	10.4016	0.000992659
1.1	0.44	10.3788	0.000944658
1.12	0.4	10.4414	0.00108005
1.12	0.42	10.4128	0.00101921
1.12	0.44	10.3887	0.000969077
1.14	0.4	10.4547	0.00111001
1.14	0.42	10.4246	0.00104626
1.14	0.44	10.399	0.000993869
1.1	0.46	10.3598	0.000822706
1.1	0.48	10.3441	0.000781337
1.1	0.5	10.3311	0.000746962
1.12	0.46	10.3682	0.000848225
1.12	0.48	10.3514	0.000804779
1.12	0.5	10.3374	0.000768622
1.14	0.46	10.377	0.000874312
1.14	0.48	10.359	0.000828755
1.14	0.5	10.344	0.000790819
1.1	0.52	10.3215	0.00068177
1.1	0.54	10.3129	0.000657224
1.1	0.56	10.306	0.000639021
1.12	0.52	10.3269	0.000704992
1.12	0.54	10.3173	0.000678363
1.12	0.56	10.3097	0.000658199
1.14	0.52	10.3326	0.000728988
1.14	0.54	10.3222	0.000700345
1.14	0.56	10.3137	0.000678316
1.1	0.58	10.2995	0.000602214
1.1	0.6	10.2955	0.000594832
1.1	0.62	10.2928	0.000591751
1.12	0.58	10.3024	0.000617343
1.12	0.6	10.2978	0.000608102
1.12	0.62	10.2944	0.000603245
1.14	0.58	10.3057	0.00063366
1.14	0.6	10.3004	0.000622663
1.14	0.62	10.2964	0.000616146
1.1	0.64	10.2907	0.000560962
1.1	0.66	10.2901	0.000569143
1.1	0.68	10.2903	0.000580811
1.12	0.64	10.2917	0.000569328
1.12	0.66	10.2906	0.00057557
1.12	0.68	10.2903	0.000585442
1.14	0.64	10.293	0.000579559
1.14	0.66	10.2914	0.000583942
1.14	0.68	10.2906	0.00059209
1.1	0.7	10.2909	0.000576811
1.1	0.72	10.2923	0.000593096
1.1	0.74	10.2944	0.000611439
1.12	0.7	10.2904	0.000583125
1.12	0.72	10.2915	0.000597521
1.12	0.74	10.2931	0.000614129
1.14	0.7	10.2902	0.000592299
1.14	0.72	10.2909	0.000604877
1.14	0.74	10.2922	0.000619811
1.1	0.76	10.2983	0.000612259
1.1	0.78	10.3013	0.000634642
1.1	0.8	10.3047	0.000658066
1.12	0.76	10.2968	0.000609048
1.12	0.78	10.2995	0.000630051
1.12	0.8	10.3026	0.000652225
1.14	0.76	10.2957	0.000608152
1.14	0.78	10.298	0.000627759
1.14	0.8	10.3008	0.000648669
1.16	0.4	10.4699	0.00107897
1.16	0.42	10.4382	0.00102328
1.16	0.44	10.4111	0.000979161
1.18	0.4	10.4841	0.00110699
1.18	0.42	10.4507	0.00104797
1.18	0.44	10.4222	0.00100134
1.2	0.4	10.4987	0.00113576
1.2	0.42	10.4637	0.00107321
1.2	0.44	10.4337	0.00102391
1.16	0.46	10.3887	0.000898972
1.16	0.48	10.3689	0.000859738
1.16	0.5	10.3523	0.000828179
1.18	0.46	10.3986	0.000925328
1.18	0.48	10.3776	0.000884065
1.18	0.5	10.3599	0.000850798
1.2	0.46	10.4089	0.000952079
1.2	0.48	10.3867	0.000908743
1.2	0.5	10.3678	0.000873745
1.16	0.52	10.3366	0.000785128
1.16	0.54	10.3252	0.000758213
1.16	0.56	10.3157	0.000737088
1.18	0.52	10.343	0.000812721
1.18	0.54	10.3307	0.000784615
1.18	0.56	10.3204	0.000762552
1.2	0.52	10.3498	0.000840575
1.2	0.54	10.3365	0.000811246
1.2	0.56	10.3254	0.00078824
1.16	0.58	10.3091	0.000664207
1.16	0.6	10.3032	0.000648134
1.16	0.62	10.2987	0.000636977
1.18	0.58	10.313	0.000685233
1.18	0.6	10.3064	0.000667581
1.18	0.62	10.3012	0.000654865
1.2	0.58	10.3172	0.000706799
1.2	0.6	10.3098	0.000687657
1.2	0.62	10.304	0.000673491
1.16	0.64	10.2957	0.000613525
1.16	0.66	10.2936	0.000612896
1.16	0.68	10.2924	0.000616305
1.18	0.64	10.2976	0.000631047
1.18	0.66	10.295	0.000628705
1.18	0.68	10.2933	0.000630467
1.2	0.64	10.2998	0.000649521
1.2	0.66	10.2966	0.000645573
1.2	0.68	10.2944	0.000645796
1.16	0.7	10.2904	0.000677579
1.16	0.72	10.2907	0.000692395
1.16	0.74	10.2916	0.000710286
1.18	0.7	10.2908	0.000698077
1.18	0.72	10.2907	0.000711911
1.18	0.74	10.2912	0.000728983
1.2	0.7	10.2915	0.000719409
1.2	0.72	10.2909	0.000732245
1.2	0.74	10.291	0.000748468
1.16	0.76	10.2936	0.000641378
1.16	0.78	10.2955	0.000657979
1.16	0.8	10.2979	0.000675864
1.18	0.76	10.293	0.000651156
1.18	0.78	10.2945	0.000666921
1.18	0.8	10.2966	0.000684014
1.2	0.76	10.2926	0.000662271
1.2	0.78	10.2938	0.000677282
1.2	0.8	10.2955	0.000693663
