0.8	0.4	6.37703	0.000479505
0.8	0.42	6.37711	0.000486518
0.8	0.44	6.37793	0.000498106
0.82	0.4	6.37715	0.000460134
0.82	0.42	6.37671	0.000463116
0.82	0.44	6.37706	0.000471287
0.84	0.4	6.37764	0.000446007
0.84	0.42	6.37667	0.000444766
0.84	0.44	6.37654	0.000449305
0.8	0.46	6.37919	0.000573808
0.8	0.48	6.38109	0.000593781
0.8	0.5	6.38343	0.000615687
0.82	0.46	6.37791	0.000532229
0.82	0.48	6.37944	0.000550229
0.82	0.5	6.38144	0.000570546
0.84	0.46	6.37695	0.00049563
0.84	0.48	6.3781	0.000511354
0.84	0.5	6.37976	0.000529839
0.8	0.52	6.38682	0.000581074
0.8	0.54	6.38983	0.000608654
0.8	0.56	6.3931	0.000636572
0.82	0.52	6.38454	0.000545227
0.82	0.54	6.3873	0.000571863
0.82	0.56	6.39033	0.000599021
0.84	0.52	6.38256	0.000512824
0.84	0.54	6.38504	0.000538357
0.84	0.56	6.38783	0.000564636
0.8	0.58	6.39731	0.00079266
0.8	0.6	6.40098	0.000824106
0.8	0.62	6.40478	0.00085524
0.82	0.58	6.39427	0.000733306
0.82	0.6	6.39775	0.000764221
0.82	0.62	6.40138	0.000794893
0.84	0.58	6.3915	0.00067882
0.84	0.6	6.39477	0.000709156
0.84	0.62	6.39823	0.000739331
0.8	0.64	6.40929	0.000765537
0.8	0.66	6.41338	0.000793267
0.8	0.68	6.41754	0.000820653
0.82	0.64	6.40566	0.00072258
0.82	0.66	6.40961	0.000750125
0.82	0.68	6.41364	0.00077735
0.84	0.64	6.40227	0.000682469
0.84	0.66	6.40607	0.000709791
0.84	0.68	6.40997	0.000736824
0.8	0.7	6.42027	0.000836839
0.8	0.72	6.42446	0.000863084
0.8	0.74	6.42867	0.000888919
0.82	0.7	6.41639	0.000798788
0.82	0.72	6.42048	0.000824815
0.82	0.74	6.42461	0.000850445
0.84	0.7	6.41273	0.000763274
0.84	0.72	6.41672	0.000789066
0.84	0.74	6.42075	0.000814473
0.8	0.76	6.43474	0.000965105
0.8	0.78	6.43894	0.000990266
0.8	0.8	6.44314	0.00101505
0.82	0.76	6.43045	0.000916047
0.82	0.78	6.43459	0.000941057
0.82	0.8	6.43872	0.000965695
0.84	0.76	6.42637	0.000870636
0.84	0.78	6.43043	0.000895496
0.84	0.8	6.4345	0.000919987
0.86	0.4	6.3784	0.000424235
0.86	0.42	6.37695	0.00042321
0.86	0.44	6.37638	0.000428587
0.88	0.4	6.37961	0.000419426
0.88	0.42	6.37759	0.000413724
0.88	0.44	6.37652	0.000414925
0.9	0.4	6.38117	0.000419386
0.9	0.42	6.37857	0.000409049
0.9	0.44	6.37698	0.000406
0.86	0.46	6.37661	0.000468715
0.86	0.48	6.37753	0.000484459
0.86	0.5	6.379	0.000503451
0.88	0.46	6.37618	0.000440046
0.88	0.48	6.3767	0.000452738
0.88	0.5	6.3778	0.000469325
0.9	0.46	6.37607	0.000417613
0.9	0.48	6.37617	0.00042686
0.9	0.5	6.37689	0.000440688
0.86	0.52	6.3812	0.000482467
0.86	0.54	6.38347	0.000506364
0.86	0.56	6.38608	0.000531575
0.88	0.52	6.37975	0.000455992
0.88	0.54	6.38172	0.000478083
0.88	0.56	6.38406	0.000501819
0.9	0.52	6.37857	0.000433436
0.9	0.54	6.38024	0.000453485
0.9	0.56	6.3823	0.000475552
0.86	0.58	6.38863	0.000560584
0.86	0.6	6.39173	0.00058533
0.86	0.62	6.39502	0.000610374
0.88	0.58	6.3864	0.000531828
0.88	0.6	6.38928	0.000555651
0.88	0.62	6.39237	0.000579899
0.9	0.58	6.38441	0.000506601
0.9	0.6	6.38706	0.000529391
0.9	0.62	6.38996	0.000552755
0.86	0.64	6.39763	0.000604607
0.86	0.66	6.40122	0.000628707
0.86	0.68	6.40491	0.000652735
0.88	0.64	6.39476	0.000572724
0.88	0.66	6.39819	0.00059633
0.88	0.68	6.40174	0.000619911
0.9	0.64	6.39212	0.0005443
0.9	0.66	6.39538	0.000567366
0.9	0.68	6.39878	0.000590463
0.86	0.7	6.41075	0.000723311
0.86	0.72	6.41461	0.000749333
0.86	0.74	6.41853	0.000774975
0.88	0.7	6.40738	0.000687455
0.88	0.72	6.41113	0.000713238
0.88	0.74	6.41494	0.000738659
0.9	0.7	6.40422	0.000654743
0.9	0.72	6.40784	0.000680269
0.9	0.74	6.41154	0.000705455
0.86	0.76	6.42141	0.000793172
0.86	0.78	6.42537	0.000818136
0.86	0.8	6.42934	0.000842756
0.88	0.76	6.41786	0.000762262
0.88	0.78	6.42173	0.000787023
0.88	0.8	6.42562	0.000811447
0.9	0.76	6.41448	0.000733688
0.9	0.78	6.41826	0.000758228
0.9	0.8	6.42208	0.00078244
0.92	0.4	6.38338	0.000541991
0.92	0.42	6.38015	0.00053843
0.92	0.44	6.378	0.000541976
0.94	0.4	6.38557	0.000503384
0.94	0.42	6.38172	0.000489104
0.94	0.44	6.37902	0.000482622
0.96	0.4	6.3881	0.000486318
0.96	0.42	6.38361	0.000462775
0.96	0.44	6.38035	0.000447176
0.92	0.46	6.37748	0.000431103
0.92	0.48	6.37708	0.00043749
0.92	0.5	6.37736	0.000448142
0.94	0.46	6.37796	0.00041451
0.94	0.48	6.37712	0.000417166
0.94	0.5	6.37699	0.000424629
0.96	0.46	6.37873	0.000405559
0.96	0.48	6.37743	0.000404469
0.96	0.5	6.3769	0.000408642
0.92	0.52	6.37716	0.000435373
0.92	0.54	6.3785	0.000454023
0.92	0.56	6.38027	0.000474596
0.94	0.52	6.37652	0.000419843
0.94	0.54	6.37754	0.000436354
0.94	0.56	6.37901	0.000455153
0.96	0.52	6.37614	0.000408441
0.96	0.54	6.37682	0.000422633
0.96	0.56	6.37799	0.000439491
0.92	0.58	6.38206	0.000482714
0.92	0.6	6.38445	0.000505382
0.92	0.62	6.38709	0.000528748
0.94	0.58	6.38056	0.000462843
0.94	0.6	6.3827	0.000484529
0.94	0.62	6.38513	0.000507096
0.96	0.58	6.37928	0.000446186
0.96	0.6	6.38118	0.000466756
0.96	0.62	6.38338	0.000488417
0.92	0.64	6.39017	0.000541545
0.92	0.66	6.39323	0.000564158
0.92	0.68	6.39645	0.000586996
0.94	0.64	6.38804	0.000519726
0.94	0.66	6.39091	0.000541489
0.94	0.68	6.39397	0.000563568
0.96	0.64	6.38611	0.000500658
0.96	0.66	6.3888	0.000521503
0.96	0.68	6.39168	0.000542765
0.92	0.7	6.40079	0.00062276
0.92	0.72	6.40436	0.000648109
0.92	0.74	6.40802	0.000673352
0.94	0.7	6.39803	0.000597158
0.94	0.72	6.40146	0.000622047
0.94	0.74	6.40499	0.000646873
0.96	0.7	6.39545	0.000574343
0.96	0.72	6.39874	0.00059872
0.96	0.74	6.40215	0.000623085
0.92	0.76	6.41163	0.000726728
0.92	0.78	6.41538	0.000751455
0.92	0.8	6.41918	0.000775831
0.94	0.76	6.4085	0.000699265
0.94	0.78	6.41216	0.000723753
0.94	0.8	6.41586	0.000747907
0.96	0.76	6.40556	0.000674403
0.96	0.78	6.4091	0.000698615
0.96	0.8	6.41271	0.000722512
0.98	0.4	6.39112	0.000471505
0.98	0.42	6.386	0.000445896
0.98	0.44	6.38216	0.000427968
1	0.4	6.39428	0.000486966
1	0.42	6.3885	0.000458246
1	0.44	6.38407	0.000437229
1.02	0.4	6.39774	0.000504459
1.02	0.42	6.39129	0.000472933
1.02	0.44	6.38627	0.000449142
0.98	0.46	6.37884	0.000416165
0.98	0.48	6.377	0.000412346
0.98	0.5	6.37598	0.000414006
1	0.46	6.38026	0.000421212
1	0.48	6.37795	0.000414254
1	0.5	6.37649	0.000413001
1.02	0.46	6.38196	0.000429576
1.02	0.48	6.37915	0.000419652
1.02	0.5	6.37726	0.000415597
0.98	0.52	6.37603	0.00039233
0.98	0.54	6.37632	0.0004006
0.98	0.56	6.37714	0.000412852
1	0.52	6.37617	0.000391041
1	0.54	6.37611	0.000396079
1	0.56	6.3766	0.000405432
1.02	0.52	6.37656	0.00039394
1.02	0.54	6.37613	0.000395859
1.02	0.56	6.3763	0.000402348
0.98	0.58	6.37815	0.000414574
0.98	0.6	6.37969	0.000433482
0.98	0.62	6.38157	0.000454228
1	0.58	6.37741	0.000404855
1	0.6	6.37869	0.000421867
1	0.62	6.38033	0.000441022
1.02	0.58	6.37689	0.000398309
1.02	0.6	6.3779	0.000413303
1.02	0.62	6.37929	0.000430747
0.98	0.64	6.38577	0.00047517
0.98	0.66	6.3883	0.000497295
0.98	0.68	6.39104	0.000520137
1	0.64	6.38424	0.000461754
1	0.66	6.38657	0.000482743
1	0.68	6.38913	0.000504608
1.02	0.64	6.3829	0.000450891
1.02	0.66	6.38503	0.000470648
1.02	0.68	6.38741	0.00049145
0.98	0.7	6.39293	0.000560974
0.98	0.72	6.396	0.000581585
0.98	0.74	6.39919	0.000602266
1	0.7	6.39082	0.000545147
1	0.72	6.39374	0.000565116
1	0.74	6.3968	0.00058521
1.02	0.7	6.3889	0.00053188
1.02	0.72	6.39166	0.000551163
1.02	0.74	6.39458	0.000570634
0.98	0.76	6.40277	0.000627693
0.98	0.78	6.40618	0.000651305
0.98	0.8	6.40967	0.000674807
1	0.76	6.40022	0.000609198
1	0.78	6.40352	0.000632349
1	0.8	6.4069	0.000655429
1.02	0.76	6.39784	0.000592732
1.02	0.78	6.40102	0.000615387
1.02	0.8	6.40429	0.000638017
1.04	0.4	6.40106	0.000553279
1.04	0.42	6.39396	0.000523689
1.04	0.44	6.38835	0.000499868
1.06	0.4	6.40512	0.000576787
1.06	0.42	6.39732	0.000545844
1.06	0.44	6.39109	0.00052074
1.08	0.4	6.40946	0.00060106
1.08	0.42	6.40096	0.000568969
1.08	0.44	6.39409	0.000542841
1.04	0.46	6.38415	0.000447189
1.04	0.48	6.38081	0.000431523
1.04	0.5	6.37844	0.00042134
1.06	0.46	6.38638	0.000461529
1.06	0.48	6.38253	0.000443569
1.06	0.5	6.3797	0.000431077
1.08	0.46	6.38887	0.000477311
1.08	0.48	6.3845	0.000457275
1.08	0.5	6.38119	0.000442694
1.04	0.52	6.37763	0.000394633
1.04	0.54	6.37683	0.000395201
1.04	0.56	6.37665	0.000400254
1.06	0.52	6.37846	0.000403028
1.06	0.54	6.37729	0.000401117
1.06	0.56	6.37676	0.000403796
1.08	0.52	6.37952	0.000413995
1.08	0.54	6.37796	0.000409834
1.08	0.56	6.37709	0.000410327
1.04	0.58	6.37693	0.000446148
1.04	0.6	6.37785	0.000460128
1.04	0.62	6.37917	0.000476104
1.06	0.58	6.37664	0.000454682
1.06	0.6	6.37727	0.00046667
1.06	0.62	6.37833	0.000480847
1.08	0.58	6.37654	0.000467677
1.08	0.6	6.37689	0.000477695
1.08	0.62	6.37768	0.000490066
1.04	0.64	6.38025	0.000448806
1.04	0.66	6.38208	0.000467266
1.04	0.68	6.38417	0.000486614
1.06	0.64	6.37932	0.000445246
1.06	0.66	6.38093	0.000462541
1.06	0.68	6.38282	0.000480864
1.08	0.64	6.37858	0.000445018
1.08	0.66	6.37997	0.000461145
1.08	0.68	6.38165	0.000478437
1.04	0.7	6.38617	0.000514595
1.04	0.72	6.38879	0.000535113
1.04	0.74	6.39158	0.00055609
1.06	0.7	6.38449	0.000506919
1.06	0.72	6.38695	0.000526501
1.06	0.74	6.38959	0.000546644
1.08	0.7	6.383	0.000502054
1.08	0.72	6.38528	0.000520662
1.08	0.74	6.38775	0.000539934
1.04	0.76	6.39506	0.000594376
1.04	0.78	6.39802	0.000616294
1.04	0.8	6.40108	0.000638262
1.06	0.76	6.39302	0.000584107
1.06	0.78	6.39585	0.000605368
1.06	0.8	6.3988	0.000626735
1.08	0.76	6.39114	0.000576948
1.08	0.78	6.39384	0.000597525
1.08	0.8	6.39666	0.000618266
1.1	0.4	6.4145	0.000642847
1.1	0.42	6.40519	0.000606136
1.1	0.44	6.3976	0.000575444
1.12	0.4	6.41942	0.000665518
1.12	0.42	6.40938	0.000627407
1.12	0.44	6.40113	0.000595447
1.14	0.4	6.4246	0.000688408
1.14	0.42	6.41382	0.000648937
1.14	0.44	6.40491	0.000615774
1.1	0.46	6.39176	0.000492405
1.1	0.48	6.387	0.000474009
1.1	0.5	6.38333	0.000460431
1.12	0.46	6.39468	0.000510492
1.12	0.48	6.38939	0.000490742
1.12	0.5	6.38524	0.000475846
1.14	0.46	6.39784	0.00052912
1.14	0.48	6.39201	0.000508125
1.14	0.5	6.38737	0.000492041
1.1	0.52	6.37955	0.000437356
1.1	0.54	6.37762	0.000432556
1.1	0.56	6.37641	0.000433032
1.12	0.52	6.38103	0.000452369
1.12	0.54	6.3787	0.00044576
1.12	0.56	6.37712	0.000444502
1.14	0.52	6.38273	0.0004686
1.14	0.54	6.37999	0.000460355
1.14	0.56	6.37804	0.000457523
1.1	0.58	6.37719	0.000429441
1.1	0.6	6.37716	0.000436565
1.1	0.62	6.37761	0.000446761
1.12	0.58	6.37762	0.00043416
1.12	0.6	6.3773	0.000439297
1.12	0.62	6.37748	0.000447671
1.14	0.58	6.37824	0.000440597
1.14	0.6	6.37762	0.000443812
1.14	0.62	6.37752	0.000450402
1.1	0.64	6.37714	0.000455405
1.1	0.66	6.37837	0.000471125
1.1	0.68	6.37992	0.000488191
1.12	0.64	6.37673	0.000455461
1.12	0.66	6.37773	0.000469955
1.12	0.68	6.37906	0.000485939
1.14	0.64	6.3765	0.000457199
1.14	0.66	6.37726	0.000470469
1.14	0.68	6.37837	0.000485367
1.1	0.7	6.38333	0.000485051
1.1	0.72	6.38538	0.000501943
1.1	0.74	6.38764	0.000519638
1.12	0.7	6.38228	0.000482196
1.12	0.72	6.38415	0.000497972
1.12	0.74	6.38625	0.000514643
1.14	0.7	6.38139	0.000481204
1.14	0.72	6.38308	0.00049587
1.14	0.74	6.38501	0.000511517
1.1	0.76	6.389	0.000629065
1.1	0.78	6.39162	0.000650675
1.1	0.8	6.39437	0.000672433
1.12	0.76	6.38736	0.000647588
1.12	0.78	6.38983	0.000669406
1.12	0.8	6.39245	0.000691398
1.14	0.76	6.38587	0.000668469
1.14	0.78	6.38819	0.000690649
1.14	0.8	6.39068	0.000713029
1.16	0.4	6.43032	0.000698349
1.16	0.42	6.41885	0.00065807
1.16	0.44	6.40931	0.000624466
1.18	0.4	6.43602	0.000721257
1.18	0.42	6.4238	0.000679674
1.18	0.44	6.41358	0.000644899
1.2	0.4	6.44198	0.000744116
1.2	0.42	6.42899	0.000701228
1.2	0.44	6.41808	0.000665301
1.16	0.46	6.40029	0.000581863
1.16	0.48	6.39394	0.0005575
1.16	0.5	6.38884	0.000538551
1.18	0.46	6.40389	0.000603254
1.18	0.48	6.39699	0.000577709
1.18	0.5	6.39138	0.000557651
1.2	0.46	6.40771	0.000624745
1.2	0.48	6.40024	0.000598056
1.2	0.5	6.39413	0.000576945
1.16	0.52	6.38516	0.000501727
1.16	0.54	6.38203	0.000491807
1.16	0.56	6.37973	0.000486715
1.18	0.52	6.38722	0.000520925
1.18	0.54	6.38367	0.000509885
1.18	0.56	6.38099	0.000503713
1.2	0.52	6.38949	0.000540347
1.2	0.54	6.38551	0.000528269
1.2	0.56	6.38244	0.000521111
1.16	0.58	6.37837	0.000513393
1.16	0.6	6.37742	0.000516814
1.16	0.62	6.37703	0.000523045
1.18	0.58	6.37933	0.000531952
1.18	0.6	6.37806	0.000534819
1.18	0.62	6.37737	0.000540542
1.2	0.58	6.38047	0.000550571
1.2	0.6	6.37887	0.000552961
1.2	0.62	6.37788	0.00055826
1.16	0.64	6.37769	0.000475535
1.16	0.66	6.37831	0.00048251
1.16	0.68	6.37931	0.000491402
1.18	0.64	6.37771	0.000484481
1.18	0.66	6.37808	0.000490296
1.18	0.68	6.37885	0.000498067
1.2	0.64	6.3779	0.000494455
1.2	0.66	6.37802	0.000499205
1.2	0.68	6.37855	0.000505943
1.16	0.7	6.37951	0.000609535
1.16	0.72	6.38102	0.000626497
1.16	0.74	6.38279	0.000644328
1.18	0.7	6.37887	0.000629182
1.18	0.72	6.38018	0.000645762
1.18	0.74	6.38177	0.000663264
1.2	0.7	6.37838	0.000649513
1.2	0.72	6.37949	0.000665791
1.2	0.74	6.38089	0.000683039
1.16	0.76	6.38685	0.000577636
1.16	0.78	6.38909	0.000595854
1.16	0.8	6.3915	0.000614281
1.18	0.76	6.3857	0.000580424
1.18	0.78	6.3878	0.000598241
1.18	0.8	6.39007	0.000616306
1.2	0.76	6.3847	0.000584169
1.2	0.78	6.38664	0.000601611
1.2	0.8	6.38876	0.000619339
