0.8	0.4	20.264	0.00149653
0.8	0.42	20.2433	0.00150037
0.8	0.44	20.2289	0.00151856
0.82	0.4	20.2773	0.00138159
0.82	0.42	20.253	0.00137083
0.82	0.44	20.2355	0.0013763
0.84	0.4	20.2925	0.00128928
0.84	0.42	20.2645	0.00126252
0.84	0.44	20.2437	0.00125439
0.8	0.46	20.2169	0.000927952
0.8	0.48	20.2122	0.000947417
0.8	0.5	20.2114	0.000978845
0.82	0.46	20.2211	0.000887392
0.82	0.48	20.2139	0.000896103
0.82	0.5	20.2108	0.000918581
0.84	0.46	20.2269	0.000859621
0.84	0.48	20.2171	0.000856729
0.84	0.5	20.2116	0.000869506
0.8	0.52	20.215	0.000966964
0.8	0.54	20.2209	0.00100647
0.8	0.56	20.2291	0.00105269
0.82	0.52	20.2119	0.000911485
0.82	0.54	20.2159	0.000945127
0.82	0.56	20.2225	0.00098632
0.84	0.52	20.2102	0.000865219
0.84	0.54	20.2124	0.000892611
0.84	0.56	20.2173	0.000928569
0.8	0.58	20.2389	0.00115763
0.8	0.6	20.2507	0.00121744
0.8	0.62	20.264	0.00127875
0.82	0.58	20.2308	0.00108428
0.82	0.6	20.2413	0.00114198
0.82	0.62	20.2534	0.00120136
0.84	0.58	20.2241	0.00101741
0.84	0.6	20.2332	0.0010729
0.84	0.62	20.244	0.00113035
0.8	0.64	20.2758	0.00129323
0.8	0.66	20.2912	0.00134467
0.8	0.68	20.3074	0.00139747
0.82	0.64	20.2643	0.00122245
0.82	0.66	20.2786	0.00127289
0.82	0.68	20.2939	0.00132454
0.84	0.64	20.2539	0.00115715
0.84	0.66	20.2672	0.00120673
0.84	0.68	20.2815	0.00125741
0.8	0.7	20.3306	0.00157327
0.8	0.72	20.3483	0.00163206
0.8	0.74	20.3665	0.00169153
0.82	0.7	20.3161	0.00147889
0.82	0.72	20.333	0.00153553
0.82	0.74	20.3505	0.00159285
0.84	0.7	20.3026	0.00139261
0.84	0.72	20.3187	0.00144725
0.84	0.74	20.3355	0.00150256
0.8	0.76	20.3765	0.00168755
0.8	0.78	20.3951	0.00174017
0.8	0.8	20.4139	0.00179342
0.82	0.76	20.3603	0.00160082
0.82	0.78	20.3784	0.0016524
0.82	0.8	20.3967	0.00170454
0.84	0.76	20.3451	0.00152064
0.84	0.78	20.3626	0.00157127
0.84	0.8	20.3804	0.0016224
0.86	0.4	20.3061	0.000999644
0.86	0.42	20.2744	0.000958046
0.86	0.44	20.2503	0.000935558
0.88	0.4	20.3249	0.00101007
0.88	0.42	20.2894	0.000956112
0.88	0.44	20.2619	0.00092348
0.9	0.4	20.3453	0.00103055
0.9	0.42	20.306	0.000963808
0.9	0.44	20.275	0.000920751
0.86	0.46	20.2334	0.000842976
0.86	0.48	20.2214	0.000826861
0.86	0.5	20.2141	0.000827938
0.88	0.46	20.2419	0.000837504
0.88	0.48	20.2273	0.000808657
0.88	0.5	20.2175	0.000797774
0.9	0.46	20.2519	0.000844334
0.9	0.48	20.2345	0.000803443
0.9	0.5	20.2223	0.000781011
0.86	0.52	20.2103	0.000872378
0.86	0.54	20.2103	0.000901697
0.86	0.56	20.2132	0.000939737
0.88	0.52	20.2116	0.000826637
0.88	0.54	20.2095	0.000848473
0.88	0.56	20.2106	0.000880113
0.9	0.52	20.2141	0.000793042
0.9	0.54	20.21	0.000807033
0.9	0.56	20.2093	0.000832042
0.86	0.58	20.219	0.000900306
0.86	0.6	20.2265	0.000945076
0.86	0.62	20.236	0.000994436
0.88	0.58	20.2148	0.000851912
0.88	0.6	20.2209	0.000892161
0.88	0.62	20.229	0.00093751
0.9	0.58	20.2118	0.000811677
0.9	0.6	20.2164	0.000847091
0.9	0.62	20.2231	0.000888253
0.86	0.64	20.2452	0.00108425
0.86	0.66	20.2576	0.00113845
0.86	0.68	20.2711	0.00119428
0.88	0.64	20.2371	0.00102375
0.88	0.66	20.2483	0.00107574
0.88	0.68	20.2608	0.00112945
0.9	0.64	20.23	0.000969532
0.9	0.66	20.2401	0.00101923
0.9	0.68	20.2516	0.00107081
0.86	0.7	20.2869	0.00121009
0.86	0.72	20.3022	0.00125918
0.86	0.74	20.3181	0.0013096
0.88	0.7	20.2757	0.00114754
0.88	0.72	20.2901	0.00119516
0.88	0.74	20.3053	0.00124401
0.9	0.7	20.2655	0.00109144
0.9	0.72	20.2791	0.00113765
0.9	0.74	20.2935	0.00118503
0.86	0.76	20.3356	0.00146998
0.86	0.78	20.3528	0.00152615
0.86	0.8	20.3703	0.00158281
0.88	0.76	20.3221	0.00140388
0.88	0.78	20.3386	0.00145891
0.88	0.8	20.3555	0.00151434
0.9	0.76	20.3094	0.00134295
0.9	0.78	20.3253	0.00139691
0.9	0.8	20.3416	0.0014512
0.92	0.4	20.3671	0.00116175
0.92	0.42	20.324	0.00108579
0.92	0.44	20.2897	0.00103424
0.94	0.4	20.3906	0.00119542
0.94	0.42	20.3436	0.00110724
0.94	0.44	20.3057	0.0010459
0.96	0.4	20.4156	0.00123765
0.96	0.42	20.3645	0.00113689
0.96	0.44	20.323	0.00106553
0.92	0.46	20.2629	0.000880494
0.92	0.48	20.2426	0.000846789
0.92	0.5	20.2278	0.00082906
0.94	0.46	20.2756	0.000893553
0.94	0.48	20.2524	0.000850363
0.94	0.5	20.2349	0.000824101
0.96	0.46	20.2896	0.000915471
0.96	0.48	20.2634	0.0008631
0.96	0.5	20.2434	0.000828708
0.92	0.52	20.2173	0.000782271
0.92	0.54	20.2109	0.000789606
0.92	0.56	20.208	0.000806446
0.94	0.52	20.2226	0.000756876
0.94	0.54	20.214	0.000757196
0.94	0.56	20.2092	0.0007682
0.96	0.52	20.229	0.000745745
0.96	0.54	20.2183	0.000738483
0.96	0.56	20.2115	0.000743146
0.92	0.58	20.2107	0.00082391
0.92	0.6	20.2137	0.000855096
0.92	0.62	20.219	0.000892759
0.94	0.58	20.2099	0.0007844
0.94	0.6	20.2113	0.000810351
0.94	0.62	20.2152	0.000843486
0.96	0.58	20.2102	0.000756978
0.96	0.6	20.21	0.000777319
0.96	0.62	20.2124	0.0008056
0.92	0.64	20.2237	0.000902639
0.92	0.66	20.2325	0.000948354
0.92	0.68	20.2427	0.00099709
0.94	0.64	20.2187	0.000859613
0.94	0.66	20.2263	0.000902316
0.94	0.68	20.2354	0.000948284
0.96	0.64	20.2147	0.000824128
0.96	0.66	20.221	0.000863682
0.96	0.68	20.229	0.000906819
0.92	0.7	20.2543	0.00107833
0.92	0.72	20.2668	0.00113188
0.92	0.74	20.2803	0.00118576
0.94	0.7	20.2461	0.00103434
0.94	0.72	20.2578	0.00108659
0.94	0.74	20.2704	0.00113928
0.96	0.7	20.2389	0.000995159
0.96	0.72	20.2496	0.00104599
0.96	0.74	20.2614	0.00109745
0.92	0.76	20.2972	0.00125302
0.92	0.78	20.3123	0.0013022
0.92	0.8	20.3279	0.00135162
0.94	0.76	20.2864	0.00120802
0.94	0.78	20.3008	0.00125622
0.94	0.8	20.3158	0.00130461
0.96	0.76	20.2764	0.00116794
0.96	0.78	20.29	0.00121519
0.96	0.8	20.3044	0.00126259
0.98	0.4	20.4449	0.00123214
0.98	0.42	20.3897	0.00115364
0.98	0.44	20.3445	0.00110057
1	0.4	20.4727	0.00127513
1	0.42	20.4134	0.00118559
1	0.44	20.3645	0.00112357
1.02	0.4	20.5018	0.00132375
1.02	0.42	20.4384	0.00122292
1.02	0.44	20.3858	0.00115189
0.98	0.46	20.3067	0.000958616
0.98	0.48	20.2774	0.000911676
0.98	0.5	20.2544	0.000880681
1	0.46	20.3234	0.000985127
1	0.48	20.2911	0.000930486
1	0.5	20.2655	0.000893017
1.02	0.46	20.3413	0.00102739
1.02	0.48	20.306	0.000964644
1.02	0.5	20.2776	0.000920246
0.98	0.52	20.2381	0.000839006
0.98	0.54	20.2253	0.000822725
0.98	0.56	20.2166	0.000818704
1	0.52	20.2468	0.000857644
1	0.54	20.2317	0.000834767
1	0.56	20.221	0.000824842
1.02	0.52	20.2565	0.000882062
1.02	0.54	20.2392	0.000852775
1.02	0.56	20.2265	0.000837143
0.98	0.58	20.2093	0.000750672
0.98	0.6	20.2073	0.000771339
0.98	0.62	20.2079	0.000800187
1	0.58	20.2119	0.000747341
1	0.6	20.2081	0.000762554
1	0.62	20.2073	0.000786706
1.02	0.58	20.2154	0.000752703
1.02	0.6	20.21	0.000762163
1.02	0.62	20.2076	0.000781416
0.98	0.64	20.2129	0.000818165
0.98	0.66	20.2181	0.000861383
0.98	0.68	20.2251	0.000909048
1	0.64	20.2108	0.000792902
1	0.66	20.2147	0.000831804
1	0.68	20.2205	0.000875827
1.02	0.64	20.2096	0.000774993
1.02	0.66	20.2122	0.000809263
1.02	0.68	20.2169	0.000849412
0.98	0.7	20.2326	0.000945952
0.98	0.72	20.2423	0.000993912
0.98	0.74	20.2531	0.00104337
1	0.7	20.2271	0.000915851
1	0.72	20.2358	0.000961504
1	0.74	20.2458	0.00100881
1.02	0.7	20.2225	0.000891976
1.02	0.72	20.2302	0.000935183
1.02	0.74	20.2392	0.000980252
0.98	0.76	20.2663	0.00110447
0.98	0.78	20.2793	0.00115609
0.98	0.8	20.293	0.00120849
1	0.76	20.258	0.00106707
1	0.78	20.2702	0.00111717
1	0.8	20.2832	0.00116808
1.02	0.76	20.2504	0.00103476
1.02	0.78	20.2619	0.0010833
1.02	0.8	20.2742	0.00113273
1.04	0.4	20.534	0.00145519
1.04	0.42	20.4663	0.00136056
1.04	0.44	20.4098	0.00129134
1.06	0.4	20.5658	0.00150499
1.06	0.42	20.4938	0.00140155
1.06	0.44	20.4336	0.00132613
1.08	0.4	20.5988	0.0015582
1.08	0.42	20.5226	0.00144515
1.08	0.44	20.4585	0.00136307
1.04	0.46	20.3607	0.00108047
1.04	0.48	20.3223	0.00101874
1.04	0.5	20.2911	0.000976936
1.06	0.46	20.381	0.00112227
1.06	0.48	20.3395	0.00105292
1.06	0.5	20.3055	0.00100481
1.08	0.46	20.4024	0.00116749
1.08	0.48	20.3578	0.00109027
1.08	0.5	20.3209	0.00103571
1.04	0.52	20.2656	0.000877148
1.04	0.54	20.2463	0.000841197
1.04	0.56	20.2317	0.000818012
1.06	0.52	20.2773	0.000911569
1.06	0.54	20.2557	0.000870336
1.06	0.56	20.239	0.000842205
1.08	0.52	20.29	0.000950571
1.08	0.54	20.266	0.000904467
1.08	0.56	20.2472	0.000871906
1.04	0.58	20.2209	0.000764122
1.04	0.6	20.214	0.000759712
1.04	0.62	20.2103	0.000766957
1.06	0.58	20.2263	0.000780452
1.06	0.6	20.2177	0.000769793
1.06	0.62	20.2123	0.000771243
1.08	0.58	20.2326	0.000801849
1.08	0.6	20.2222	0.000785191
1.08	0.62	20.2153	0.000781038
1.04	0.64	20.2088	0.000747895
1.04	0.66	20.2101	0.000769279
1.04	0.68	20.2135	0.00079656
1.06	0.64	20.2094	0.000749819
1.06	0.66	20.2094	0.000767094
1.06	0.68	20.2115	0.00079056
1.08	0.64	20.2109	0.000757138
1.08	0.66	20.2094	0.0007704
1.08	0.68	20.2103	0.000790179
1.04	0.7	20.2187	0.0008663
1.04	0.72	20.2256	0.000901225
1.04	0.74	20.2339	0.000938946
1.06	0.7	20.2156	0.000858532
1.06	0.72	20.2214	0.000890528
1.06	0.74	20.2287	0.000925496
1.08	0.7	20.2133	0.000855835
1.08	0.72	20.2181	0.00088496
1.08	0.74	20.2244	0.000917269
1.04	0.76	20.2456	0.000981323
1.04	0.78	20.2563	0.00102493
1.04	0.8	20.2679	0.00107024
1.06	0.76	20.2395	0.000964183
1.06	0.78	20.2494	0.00100542
1.06	0.8	20.2603	0.00104846
1.08	0.76	20.2342	0.000952268
1.08	0.78	20.2432	0.000991105
1.08	0.8	20.2533	0.00103184
1.1	0.4	20.6298	0.00160909
1.1	0.42	20.5494	0.00150401
1.1	0.44	20.4816	0.00143372
1.12	0.4	20.6651	0.00166382
1.12	0.42	20.5804	0.00154644
1.12	0.44	20.5087	0.00146626
1.14	0.4	20.7016	0.00172259
1.14	0.42	20.6125	0.00159233
1.14	0.44	20.5368	0.00150175
1.1	0.46	20.4246	0.00128725
1.1	0.48	20.377	0.00122839
1.1	0.5	20.3374	0.00118542
1.12	0.46	20.4482	0.00132549
1.12	0.48	20.3973	0.00126127
1.12	0.5	20.3549	0.00121449
1.14	0.46	20.4727	0.00136595
1.14	0.48	20.4187	0.00129588
1.14	0.5	20.3733	0.00124496
1.1	0.52	20.3045	0.00103321
1.1	0.54	20.2779	0.000992583
1.1	0.56	20.2567	0.000964108
1.12	0.52	20.3192	0.00107106
1.12	0.54	20.2903	0.0010257
1.12	0.56	20.2669	0.000993275
1.14	0.52	20.3349	0.00111148
1.14	0.54	20.3036	0.00106118
1.14	0.56	20.2779	0.0010247
1.1	0.58	20.2389	0.000902844
1.1	0.6	20.2266	0.000893756
1.1	0.62	20.2178	0.000894457
1.12	0.58	20.247	0.000933923
1.12	0.6	20.2328	0.000922448
1.12	0.62	20.2224	0.000921172
1.14	0.58	20.256	0.00096682
1.14	0.6	20.24	0.000953014
1.14	0.62	20.2278	0.000949859
1.1	0.64	20.2127	0.000814575
1.1	0.66	20.2098	0.000828149
1.1	0.68	20.2092	0.000848089
1.12	0.64	20.2159	0.0008335
1.12	0.66	20.2115	0.000844074
1.12	0.68	20.2096	0.000861478
1.14	0.64	20.2198	0.000855859
1.14	0.66	20.2139	0.000863461
1.14	0.68	20.2108	0.000878384
1.1	0.7	20.2115	0.000879071
1.1	0.72	20.215	0.000906122
1.1	0.74	20.2202	0.00093733
1.12	0.7	20.2107	0.000886517
1.12	0.72	20.2131	0.000910473
1.12	0.74	20.2172	0.000938942
1.14	0.7	20.2106	0.000897927
1.14	0.72	20.2119	0.000918725
1.14	0.74	20.215	0.000944411
1.1	0.76	20.2278	0.000973222
1.1	0.78	20.2358	0.00100922
1.1	0.8	20.2449	0.00104686
1.12	0.76	20.224	0.000968903
1.12	0.78	20.2311	0.00100259
1.12	0.8	20.2394	0.00103807
1.14	0.76	20.2208	0.000969037
1.14	0.78	20.227	0.00100036
1.14	0.8	20.2345	0.00103362
1.16	0.4	20.7427	0.00175067
1.16	0.42	20.6491	0.00164273
1.16	0.44	20.5694	0.00157164
1.18	0.4	20.7813	0.00180313
1.18	0.42	20.6833	0.00168277
1.18	0.44	20.5995	0.00160194
1.2	0.4	20.8208	0.00185947
1.2	0.42	20.7184	0.00172604
1.2	0.44	20.6306	0.001635
1.16	0.46	20.4981	0.00144851
1.16	0.48	20.441	0.00138082
1.16	0.5	20.3928	0.00133116
1.18	0.46	20.5245	0.00148871
1.18	0.48	20.4641	0.00141526
1.18	0.5	20.413	0.00136126
1.2	0.46	20.5518	0.00153078
1.2	0.48	20.4882	0.0014511
1.2	0.5	20.434	0.00139242
1.16	0.52	20.3518	0.0011944
1.16	0.54	20.3178	0.00115188
1.16	0.56	20.2898	0.00112488
1.18	0.52	20.3694	0.00124049
1.18	0.54	20.3329	0.00119282
1.18	0.56	20.3026	0.00116164
1.2	0.52	20.3878	0.00128863
1.2	0.54	20.3488	0.00123557
1.2	0.56	20.3163	0.00120001
1.16	0.58	20.2673	0.00098112
1.16	0.6	20.2492	0.000962756
1.16	0.62	20.2352	0.000955204
1.18	0.58	20.2781	0.00101139
1.18	0.6	20.2581	0.000989363
1.18	0.62	20.2423	0.000978672
1.2	0.58	20.2898	0.00104333
1.2	0.6	20.2678	0.00101755
1.2	0.62	20.2503	0.00100369
1.16	0.64	20.2259	0.000887847
1.16	0.66	20.2186	0.000892329
1.16	0.68	20.2141	0.000903768
1.18	0.64	20.2315	0.0009126
1.18	0.66	20.2227	0.000914528
1.18	0.68	20.2168	0.00092368
1.2	0.64	20.2378	0.000938709
1.2	0.66	20.2275	0.000938111
1.2	0.68	20.2203	0.000945057
1.16	0.7	20.2131	0.00097257
1.16	0.72	20.2133	0.000986003
1.16	0.74	20.2155	0.00100555
1.18	0.7	20.2144	0.00100767
1.18	0.72	20.2135	0.00101627
1.18	0.74	20.2146	0.0010313
1.2	0.7	20.2165	0.00104673
1.2	0.72	20.2144	0.00105062
1.2	0.74	20.2144	0.00106121
1.16	0.76	20.2185	0.000937196
1.16	0.78	20.2238	0.00097113
1.16	0.8	20.2305	0.00100795
1.18	0.76	20.2167	0.000940148
1.18	0.78	20.2211	0.000971626
1.18	0.8	20.2269	0.00100617
1.2	0.76	20.2156	0.000945955
1.2	0.78	20.219	0.00097498
1.2	0.8	20.224	0.00100728
