0.8	0.4	10.4943	0.000730996
0.8	0.42	10.4922	0.000745918
0.8	0.44	10.492	0.000768837
0.82	0.4	10.4959	0.000703516
0.82	0.42	10.4926	0.000711274
0.82	0.44	10.4913	0.000728276
0.84	0.4	10.4983	0.000684409
0.84	0.42	10.4938	0.000684543
0.84	0.44	10.4914	0.00069518
0.8	0.46	10.4935	0.000809172
0.8	0.48	10.4959	0.000849989
0.8	0.5	10.4995	0.000893078
0.82	0.46	10.4918	0.000752133
0.82	0.48	10.4935	0.000789358
0.82	0.5	10.4963	0.000829518
0.84	0.46	10.4909	0.00070269
0.84	0.48	10.4916	0.000735865
0.84	0.5	10.4937	0.000772773
0.8	0.52	10.5057	0.00101912
0.8	0.54	10.5111	0.00105882
0.8	0.56	10.5172	0.00109907
0.82	0.52	10.5016	0.000934671
0.82	0.54	10.5065	0.000971905
0.82	0.56	10.512	0.00100999
0.84	0.52	10.4982	0.000859208
0.84	0.54	10.5024	0.000893834
0.84	0.56	10.5074	0.000929678
0.8	0.58	10.5233	0.00102708
0.8	0.6	10.5302	0.0010644
0.8	0.62	10.5374	0.00110192
0.82	0.58	10.5178	0.00096233
0.82	0.6	10.5242	0.000998834
0.82	0.62	10.5311	0.00103561
0.84	0.58	10.5128	0.000902871
0.84	0.6	10.5188	0.000938518
0.84	0.62	10.5252	0.000974543
0.8	0.64	10.5448	0.0010753
0.8	0.66	10.5527	0.00111315
0.8	0.68	10.5607	0.00115086
0.82	0.64	10.5382	0.00102083
0.82	0.66	10.5457	0.00105799
0.82	0.68	10.5535	0.00109503
0.84	0.64	10.532	0.000970756
0.84	0.66	10.5393	0.00100722
0.84	0.68	10.5468	0.00104358
0.8	0.7	10.5702	0.00123117
0.8	0.72	10.5785	0.00126959
0.8	0.74	10.5869	0.00130766
0.82	0.7	10.5627	0.00117346
0.82	0.72	10.5708	0.00121153
0.82	0.74	10.579	0.00124923
0.84	0.7	10.5556	0.00111965
0.84	0.72	10.5634	0.00115734
0.84	0.74	10.5714	0.00119467
0.8	0.76	10.5979	0.00139642
0.8	0.78	10.6064	0.00143365
0.8	0.8	10.6149	0.00147051
0.82	0.76	10.5897	0.0013288
0.82	0.78	10.5981	0.00136513
0.82	0.8	10.6065	0.0014011
0.84	0.76	10.5819	0.00126671
0.84	0.78	10.5901	0.00130219
0.84	0.8	10.5983	0.00133731
0.86	0.4	10.5023	0.000688787
0.86	0.42	10.4966	0.000684982
0.86	0.44	10.4932	0.000691029
0.88	0.4	10.506	0.000675971
0.88	0.42	10.4991	0.000664501
0.88	0.44	10.4945	0.000663869
0.9	0.4	10.5104	0.000671789
0.9	0.42	10.5021	0.00065268
0.9	0.44	10.4964	0.000645282
0.86	0.46	10.4913	0.000669451
0.86	0.48	10.4914	0.000688647
0.86	0.5	10.4928	0.00071304
0.88	0.46	10.4916	0.000642662
0.88	0.48	10.4908	0.00065697
0.88	0.5	10.4914	0.0006773
0.9	0.46	10.4925	0.000623315
0.9	0.48	10.4908	0.00063236
0.9	0.5	10.4905	0.000648269
0.86	0.52	10.4939	0.000737037
0.86	0.54	10.4974	0.000773129
0.86	0.56	10.5016	0.000811624
0.88	0.52	10.4918	0.000695394
0.88	0.54	10.4946	0.000728607
0.88	0.56	10.4983	0.000764647
0.9	0.52	10.4903	0.000660062
0.9	0.54	10.4924	0.000690189
0.9	0.56	10.4954	0.000723638
0.86	0.58	10.5077	0.000825994
0.86	0.6	10.5134	0.00086234
0.86	0.62	10.5195	0.000899365
0.88	0.58	10.5038	0.000783854
0.88	0.6	10.5089	0.000818695
0.88	0.62	10.5146	0.00085436
0.9	0.58	10.5003	0.000746583
0.9	0.6	10.505	0.000779827
0.9	0.62	10.5102	0.000814073
0.86	0.64	10.5259	0.000907056
0.86	0.66	10.5327	0.000943951
0.86	0.68	10.5398	0.000980718
0.88	0.64	10.5207	0.00086638
0.88	0.66	10.5271	0.000902597
0.88	0.68	10.5339	0.000938755
0.9	0.64	10.5159	0.000829715
0.9	0.66	10.522	0.000865208
0.9	0.68	10.5284	0.00090073
0.86	0.7	10.5489	0.000995157
0.86	0.72	10.5565	0.00102898
0.86	0.74	10.5642	0.00106278
0.88	0.7	10.5427	0.000956163
0.88	0.72	10.55	0.000989342
0.88	0.74	10.5574	0.00102252
0.9	0.7	10.5368	0.000920517
0.9	0.72	10.5439	0.000953044
0.9	0.74	10.5511	0.000985591
0.86	0.76	10.572	0.00116035
0.86	0.78	10.5799	0.00119574
0.86	0.8	10.5879	0.00123076
0.88	0.76	10.5651	0.00112007
0.88	0.78	10.5728	0.00115515
0.88	0.8	10.5807	0.00118986
0.9	0.76	10.5586	0.00108317
0.9	0.78	10.5661	0.00111795
0.9	0.8	10.5738	0.00115234
0.92	0.4	10.5152	0.000670852
0.92	0.42	10.5056	0.000647506
0.92	0.44	10.4987	0.000634956
0.94	0.4	10.5209	0.0006802
0.94	0.42	10.51	0.000650756
0.94	0.44	10.5019	0.000632555
0.96	0.4	10.5273	0.00069484
0.96	0.42	10.515	0.00065965
0.96	0.44	10.5057	0.000636097
0.92	0.46	10.4935	0.00069494
0.92	0.48	10.4907	0.000694351
0.92	0.5	10.4896	0.000700564
0.94	0.46	10.4955	0.000658896
0.94	0.48	10.4917	0.000654023
0.94	0.5	10.4897	0.000656682
0.96	0.46	10.498	0.000638677
0.96	0.48	10.4932	0.000629163
0.96	0.5	10.4903	0.000627837
0.92	0.52	10.4898	0.000652935
0.92	0.54	10.4913	0.000673227
0.92	0.56	10.4938	0.000696807
0.94	0.52	10.4893	0.000633262
0.94	0.54	10.49	0.000650309
0.94	0.56	10.4919	0.000671098
0.96	0.52	10.4892	0.000618937
0.96	0.54	10.4893	0.000632655
0.96	0.56	10.4905	0.00065059
0.92	0.58	10.4978	0.00070028
0.92	0.6	10.5019	0.00072925
0.92	0.62	10.5066	0.000759727
0.94	0.58	10.4953	0.000676291
0.94	0.6	10.4989	0.000703445
0.94	0.62	10.5031	0.00073233
0.96	0.58	10.4933	0.000656875
0.96	0.6	10.4963	0.000682152
0.96	0.62	10.5	0.000709411
0.92	0.64	10.5127	0.000829186
0.92	0.66	10.5185	0.000864734
0.92	0.68	10.5247	0.000900812
0.94	0.64	10.5086	0.000794806
0.94	0.66	10.514	0.000828943
0.94	0.68	10.5199	0.000863732
0.96	0.64	10.5049	0.000765186
0.96	0.66	10.51	0.000797841
0.96	0.68	10.5155	0.000831291
0.92	0.7	10.532	0.000920113
0.92	0.72	10.5388	0.000954286
0.92	0.74	10.5458	0.000988425
0.94	0.7	10.5268	0.000882628
0.94	0.72	10.5333	0.000916008
0.94	0.74	10.5401	0.000949406
0.96	0.7	10.5221	0.000849702
0.96	0.72	10.5283	0.000882244
0.96	0.74	10.5348	0.000914867
0.92	0.76	10.5516	0.00102754
0.92	0.78	10.559	0.00106022
0.92	0.8	10.5665	0.00109275
0.94	0.76	10.5457	0.000997951
0.94	0.78	10.5529	0.00103005
0.94	0.8	10.5602	0.00106201
0.96	0.76	10.5402	0.000971188
0.96	0.78	10.5472	0.00100272
0.96	0.8	10.5543	0.00103412
0.98	0.4	10.5345	0.00075515
0.98	0.42	10.5207	0.000715003
0.98	0.44	10.5099	0.000686001
1	0.4	10.5421	0.000778481
1	0.42	10.5268	0.000733555
1	0.44	10.5148	0.000699948
1.02	0.4	10.5503	0.000809251
1.02	0.42	10.5335	0.000760532
1.02	0.44	10.5202	0.00072337
0.98	0.46	10.5025	0.000613487
0.98	0.48	10.4967	0.000605841
0.98	0.5	10.4928	0.000605921
1	0.46	10.5064	0.000622961
1	0.48	10.4995	0.000611215
1	0.5	10.4946	0.00060759
1.02	0.46	10.5107	0.000636224
1.02	0.48	10.5027	0.000620593
1.02	0.5	10.4969	0.000613484
0.98	0.52	10.4896	0.000601222
0.98	0.54	10.4889	0.0006101
0.98	0.56	10.4895	0.000624678
1	0.52	10.4905	0.000599444
1	0.54	10.4891	0.000604397
1	0.56	10.489	0.000615443
1.02	0.52	10.4919	0.000602028
1.02	0.54	10.4897	0.000603152
1.02	0.56	10.4889	0.000610723
0.98	0.58	10.4915	0.000622932
0.98	0.6	10.494	0.000648961
0.98	0.62	10.4972	0.000677282
1	0.58	10.4903	0.000609491
1	0.6	10.4922	0.000633141
1	0.62	10.4949	0.000659387
1.02	0.58	10.4895	0.000601982
1.02	0.6	10.4907	0.000623141
1.02	0.62	10.4929	0.00064721
0.98	0.64	10.5017	0.000736693
0.98	0.66	10.5063	0.00076594
0.98	0.68	10.5113	0.000795893
1	0.64	10.4989	0.000716467
1	0.66	10.503	0.000744482
1	0.68	10.5077	0.000773307
1.02	0.64	10.4965	0.000699755
1.02	0.66	10.5002	0.000726512
1.02	0.68	10.5045	0.000754197
0.98	0.7	10.5169	0.00082726
0.98	0.72	10.5227	0.00086104
0.98	0.74	10.5289	0.000894818
1	0.7	10.513	0.000803914
1	0.72	10.5185	0.000837001
1	0.74	10.5243	0.000870168
1.02	0.7	10.5094	0.000784057
1.02	0.72	10.5146	0.000816422
1.02	0.74	10.5201	0.000848968
0.98	0.76	10.5347	0.00087819
0.98	0.78	10.5413	0.000908657
0.98	0.8	10.5481	0.00093917
1	0.76	10.5299	0.000852531
1	0.78	10.5362	0.000882286
1	0.8	10.5428	0.000912116
1.02	0.76	10.5254	0.000830508
1.02	0.78	10.5315	0.000859538
1.02	0.8	10.5378	0.000888678
1.04	0.4	10.5586	0.000817444
1.04	0.42	10.5404	0.000772748
1.04	0.44	10.5259	0.000738573
1.06	0.4	10.568	0.000844283
1.06	0.42	10.5483	0.000796164
1.06	0.44	10.5324	0.000759034
1.08	0.4	10.5779	0.000872791
1.08	0.42	10.5567	0.000821233
1.08	0.44	10.5394	0.000781181
1.04	0.46	10.5152	0.000683433
1.04	0.48	10.5062	0.000659625
1.04	0.5	10.4995	0.000644363
1.06	0.46	10.5206	0.000703437
1.06	0.48	10.5105	0.00067613
1.06	0.5	10.5028	0.000657668
1.08	0.46	10.5264	0.000725512
1.08	0.48	10.5152	0.000694846
1.08	0.5	10.5065	0.000673341
1.04	0.52	10.4946	0.000620678
1.04	0.54	10.4914	0.000620374
1.04	0.56	10.4897	0.000625706
1.06	0.52	10.4969	0.000629315
1.06	0.54	10.4929	0.000625784
1.06	0.56	10.4905	0.00062812
1.08	0.52	10.4997	0.000641583
1.08	0.54	10.4949	0.0006351
1.08	0.56	10.4917	0.000634702
1.04	0.58	10.4878	0.000635751
1.04	0.6	10.4883	0.000651248
1.04	0.62	10.4899	0.000670505
1.06	0.58	10.4879	0.000638225
1.06	0.6	10.4879	0.000650742
1.06	0.62	10.4888	0.000667309
1.08	0.58	10.4885	0.000644565
1.08	0.6	10.4878	0.000654191
1.08	0.62	10.4882	0.000668135
1.04	0.64	10.4941	0.000675329
1.04	0.66	10.4971	0.000702209
1.04	0.68	10.5009	0.000730156
1.06	0.64	10.4926	0.000666542
1.06	0.66	10.4952	0.000692043
1.06	0.68	10.4985	0.000718781
1.08	0.64	10.4914	0.000660542
1.08	0.66	10.4936	0.000684643
1.08	0.68	10.4964	0.000710167
1.04	0.7	10.5051	0.00077273
1.04	0.72	10.51	0.000803002
1.04	0.74	10.5154	0.000834316
1.06	0.7	10.5021	0.000760297
1.06	0.72	10.5067	0.00078909
1.06	0.74	10.5117	0.000819062
1.08	0.7	10.4994	0.000751844
1.08	0.72	10.5036	0.000779178
1.08	0.74	10.5083	0.000807833
1.04	0.76	10.5208	0.000870715
1.04	0.78	10.5265	0.000903202
1.04	0.8	10.5326	0.000935803
1.06	0.76	10.517	0.000853432
1.06	0.78	10.5225	0.000885072
1.06	0.8	10.5283	0.000916888
1.08	0.76	10.5135	0.000838861
1.08	0.78	10.5187	0.00086963
1.08	0.8	10.5242	0.000900643
1.1	0.4	10.5891	0.00091255
1.1	0.42	10.5664	0.000868442
1.1	0.44	10.5477	0.000836069
1.12	0.4	10.6001	0.000938133
1.12	0.42	10.5758	0.000890704
1.12	0.44	10.5557	0.000855725
1.14	0.4	10.6116	0.000964699
1.14	0.42	10.5858	0.000913793
1.14	0.44	10.5642	0.000876095
1.1	0.46	10.5313	0.000768813
1.1	0.48	10.519	0.000742453
1.1	0.5	10.5093	0.000725455
1.12	0.46	10.538	0.000797421
1.12	0.48	10.5246	0.000769486
1.12	0.5	10.5139	0.000751287
1.14	0.46	10.5452	0.000826739
1.14	0.48	10.5307	0.000797239
1.14	0.5	10.5189	0.0007779
1.1	0.52	10.5027	0.000676379
1.1	0.54	10.4971	0.000670585
1.1	0.56	10.4932	0.000671869
1.12	0.52	10.5063	0.000693038
1.12	0.54	10.4999	0.000684306
1.12	0.56	10.4952	0.000682965
1.14	0.52	10.5104	0.000711649
1.14	0.54	10.5031	0.000700088
1.14	0.56	10.4976	0.000696228
1.1	0.58	10.491	0.000640629
1.1	0.6	10.4898	0.000649679
1.1	0.62	10.4898	0.000663384
1.12	0.58	10.4923	0.000650224
1.12	0.6	10.4904	0.000656972
1.12	0.62	10.4898	0.000668618
1.14	0.58	10.4939	0.000661965
1.14	0.6	10.4914	0.000666505
1.14	0.62	10.4901	0.000676176
1.1	0.64	10.4905	0.000692422
1.1	0.66	10.4924	0.000710865
1.1	0.68	10.4949	0.00073156
1.12	0.64	10.4899	0.000696258
1.12	0.66	10.4912	0.000712888
1.12	0.68	10.4933	0.000731936
1.14	0.64	10.4897	0.000702602
1.14	0.66	10.4905	0.000717478
1.14	0.68	10.4921	0.000734938
1.1	0.7	10.4982	0.000805013
1.1	0.72	10.5018	0.000833334
1.1	0.74	10.5059	0.000862417
1.12	0.7	10.4963	0.000826606
1.12	0.72	10.4995	0.000855029
1.12	0.74	10.5033	0.00088423
1.14	0.7	10.4947	0.000850598
1.14	0.72	10.4976	0.000879304
1.14	0.74	10.5009	0.000908811
1.1	0.76	10.5098	0.000874334
1.1	0.78	10.5148	0.000899765
1.1	0.8	10.5202	0.00092565
1.12	0.76	10.5067	0.000896676
1.12	0.78	10.5115	0.000920877
1.12	0.8	10.5165	0.000945568
1.14	0.76	10.504	0.000923637
1.14	0.78	10.5084	0.00094673
1.14	0.8	10.5132	0.000970336
1.16	0.4	10.625	0.00108299
1.16	0.42	10.5973	0.00103401
1.16	0.44	10.574	0.000995875
1.18	0.4	10.6376	0.00111443
1.18	0.42	10.6082	0.00106357
1.18	0.44	10.5835	0.00102409
1.2	0.4	10.6507	0.00114597
1.2	0.42	10.6196	0.0010931
1.2	0.44	10.5934	0.00105219
1.16	0.46	10.5533	0.000894067
1.16	0.48	10.5375	0.000864036
1.16	0.5	10.5245	0.000842366
1.18	0.46	10.5614	0.000919533
1.18	0.48	10.5444	0.000887682
1.18	0.5	10.5303	0.000864612
1.2	0.46	10.5699	0.000945211
1.2	0.48	10.5517	0.000911429
1.2	0.5	10.5365	0.000886883
1.16	0.52	10.5162	0.000749518
1.16	0.54	10.5079	0.000735939
1.16	0.56	10.5015	0.000727972
1.18	0.52	10.5211	0.000771522
1.18	0.54	10.5119	0.000756169
1.18	0.56	10.5047	0.000746585
1.2	0.52	10.5264	0.000794467
1.2	0.54	10.5163	0.000777403
1.2	0.56	10.5082	0.000766281
1.16	0.58	10.4945	0.000740106
1.16	0.6	10.4914	0.000744098
1.16	0.62	10.4896	0.000752447
1.18	0.58	10.4969	0.000760884
1.18	0.6	10.493	0.000763641
1.18	0.62	10.4906	0.000770839
1.2	0.58	10.4995	0.000782361
1.2	0.6	10.495	0.000783998
1.2	0.62	10.4919	0.000790172
1.16	0.64	10.4894	0.000664274
1.16	0.66	10.4895	0.000675773
1.16	0.68	10.4905	0.000690199
1.18	0.64	10.4899	0.000670756
1.18	0.66	10.4896	0.000680355
1.18	0.68	10.4901	0.000693001
1.2	0.64	10.4908	0.000678892
1.2	0.66	10.4899	0.000686659
1.2	0.68	10.49	0.000697588
1.16	0.7	10.4936	0.000762115
1.16	0.72	10.4961	0.000783877
1.16	0.74	10.4991	0.000807049
1.18	0.7	10.4927	0.000765774
1.18	0.72	10.4948	0.000786392
1.18	0.74	10.4975	0.00080853
1.2	0.7	10.4922	0.000770915
1.2	0.72	10.4938	0.000790403
1.2	0.74	10.4961	0.000811522
1.16	0.76	10.5029	0.000771166
1.16	0.78	10.507	0.000795916
1.16	0.8	10.5115	0.000821411
1.18	0.76	10.5008	0.00076964
1.18	0.78	10.5046	0.000793431
1.18	0.8	10.5088	0.000818038
1.2	0.76	10.499	0.000769795
1.2	0.78	10.5025	0.00079265
1.2	0.8	10.5064	0.000816391
