0.8	0.4	15.0199	0.000840202
0.8	0.42	15.0092	0.00082659
0.8	0.44	15.0023	0.000827926
0.82	0.4	15.0272	0.000827568
0.82	0.42	15.0143	0.000802836
0.82	0.44	15.0053	0.000794332
0.84	0.4	15.0357	0.00082549
0.84	0.42	15.0205	0.000789624
0.84	0.44	15.0095	0.000771175
0.8	0.46	15.0002	0.000812775
0.8	0.48	14.999	0.000831405
0.8	0.5	15.0001	0.000858698
0.82	0.46	15.0017	0.000774797
0.82	0.48	14.9989	0.000785913
0.82	0.5	14.9986	0.000806787
0.84	0.46	15.0042	0.000746273
0.84	0.48	14.9998	0.000749424
0.84	0.5	14.9981	0.000763463
0.8	0.52	15.0026	0.000915839
0.8	0.54	15.0074	0.000958298
0.8	0.56	15.0137	0.00100403
0.82	0.52	14.9996	0.00084717
0.82	0.54	15.0033	0.000885191
0.82	0.56	15.0085	0.000927085
0.84	0.52	14.9976	0.000787803
0.84	0.54	15.0001	0.000820994
0.84	0.56	15.0043	0.000858784
0.8	0.58	15.0209	0.000916498
0.8	0.6	15.0292	0.000962171
0.8	0.62	15.0383	0.00100959
0.82	0.58	15.015	0.000859916
0.82	0.6	15.0225	0.000903524
0.82	0.62	15.0308	0.000949089
0.84	0.58	15.01	0.00080883
0.84	0.6	15.0165	0.000850235
0.84	0.62	15.0241	0.000893865
0.8	0.64	15.0474	0.00115994
0.8	0.66	15.0577	0.00120508
0.8	0.68	15.0686	0.00125091
0.82	0.64	15.0393	0.00109225
0.82	0.66	15.049	0.00113588
0.82	0.68	15.0593	0.00118019
0.84	0.64	15.0319	0.00103038
0.84	0.66	15.041	0.00107255
0.84	0.68	15.0508	0.0011154
0.8	0.7	15.0816	0.00129226
0.8	0.72	15.0932	0.00133786
0.8	0.74	15.1052	0.00138361
0.82	0.7	15.0717	0.00122666
0.82	0.72	15.0829	0.00127124
0.82	0.74	15.0945	0.00131596
0.84	0.7	15.0625	0.00116609
0.84	0.72	15.0733	0.00120968
0.84	0.74	15.0844	0.00125341
0.8	0.76	15.1206	0.0016912
0.8	0.78	15.1329	0.00170963
0.8	0.8	15.1454	0.00173016
0.82	0.76	15.1092	0.00159344
0.82	0.78	15.1212	0.00161354
0.82	0.8	15.1334	0.0016355
0.84	0.76	15.0985	0.0014993
0.84	0.78	15.1102	0.00152134
0.84	0.8	15.122	0.001545
0.86	0.4	15.0473	0.00101041
0.86	0.42	15.0297	0.00100259
0.86	0.44	15.0166	0.00100889
0.88	0.4	15.0581	0.000968414
0.88	0.42	15.0381	0.000944341
0.88	0.44	15.0229	0.000936277
0.9	0.4	15.07	0.000946069
0.9	0.42	15.0476	0.000906173
0.9	0.44	15.0302	0.000883832
0.86	0.46	15.0061	0.000748707
0.86	0.48	15	0.000749103
0.86	0.5	14.9968	0.000759797
0.88	0.46	15.0107	0.000735091
0.88	0.48	15.0029	0.000727337
0.88	0.5	14.9981	0.000730623
0.9	0.46	15.0162	0.000730633
0.9	0.48	15.0067	0.000714868
0.9	0.5	15.0003	0.000710943
0.86	0.52	14.9972	0.000803102
0.86	0.54	14.9982	0.000816102
0.86	0.56	15.001	0.000835674
0.88	0.52	14.9972	0.000758557
0.88	0.54	14.9969	0.000768335
0.88	0.56	14.9986	0.000785251
0.9	0.52	14.998	0.000722076
0.9	0.54	14.9965	0.000728152
0.9	0.56	14.997	0.00074205
0.86	0.58	15.0058	0.00106855
0.86	0.6	15.0116	0.00112674
0.86	0.62	15.0186	0.00118623
0.88	0.58	15.0022	0.000953481
0.88	0.6	15.0072	0.00100527
0.88	0.62	15.0133	0.00105898
0.9	0.58	14.9995	0.000856718
0.9	0.6	15.0035	0.000901996
0.9	0.62	15.0087	0.000949906
0.86	0.64	15.0257	0.000926471
0.86	0.66	15.0342	0.000966629
0.86	0.68	15.0433	0.00100786
0.88	0.64	15.0198	0.000880912
0.88	0.66	15.0276	0.000919322
0.88	0.68	15.0362	0.00095889
0.9	0.64	15.0146	0.000840751
0.9	0.66	15.0217	0.000877363
0.9	0.68	15.0296	0.000915249
0.86	0.7	15.0539	0.00146688
0.86	0.72	15.0641	0.00150562
0.86	0.74	15.0747	0.00154451
0.88	0.7	15.0459	0.00132587
0.88	0.72	15.0557	0.00136482
0.88	0.74	15.0658	0.00140404
0.9	0.7	15.0387	0.00119638
0.9	0.72	15.0479	0.0012354
0.9	0.74	15.0576	0.00127481
0.86	0.76	15.0868	0.00117011
0.86	0.78	15.0981	0.00120992
0.86	0.8	15.1096	0.0012499
0.88	0.76	15.0776	0.00111896
0.88	0.78	15.0885	0.00115822
0.88	0.8	15.0996	0.00119761
0.9	0.76	15.0689	0.00107255
0.9	0.78	15.0794	0.00111123
0.9	0.8	15.0902	0.00115002
0.92	0.4	15.0811	0.000967305
0.92	0.42	15.0562	0.000902704
0.92	0.44	15.0367	0.000851724
0.94	0.4	15.0952	0.000996936
0.94	0.42	15.0678	0.000926679
0.94	0.44	15.046	0.000870625
0.96	0.4	15.1103	0.00103023
0.96	0.42	15.0804	0.000954349
0.96	0.44	15.0563	0.000893446
0.92	0.46	15.0213	0.000774262
0.92	0.48	15.0102	0.000754551
0.92	0.5	15.0023	0.000745693
0.94	0.46	15.0287	0.00078197
0.94	0.48	15.0157	0.000755694
0.94	0.5	15.0063	0.000740955
0.96	0.46	15.0369	0.000796223
0.96	0.48	15.0221	0.00076359
0.96	0.5	15.011	0.000743184
0.92	0.52	14.9978	0.000677748
0.92	0.54	14.9953	0.000683288
0.92	0.56	14.9948	0.000697035
0.94	0.52	15.0003	0.000665353
0.94	0.54	14.9964	0.000664222
0.94	0.56	14.9947	0.00067214
0.96	0.52	15.0036	0.000662195
0.96	0.54	14.9983	0.000654426
0.96	0.56	14.9954	0.000656475
0.92	0.58	14.9972	0.000720777
0.92	0.6	15.0001	0.00074773
0.92	0.62	15.0043	0.000778877
0.94	0.58	14.9961	0.000697773
0.94	0.6	14.998	0.000720743
0.94	0.62	15.0013	0.000748416
0.96	0.58	14.9958	0.000681153
0.96	0.6	14.9966	0.000699966
0.96	0.62	14.999	0.000724014
0.92	0.64	15.009	0.000798755
0.92	0.66	15.0153	0.000837696
0.92	0.68	15.0225	0.00087889
0.94	0.64	15.0052	0.000761026
0.94	0.66	15.0108	0.000797595
0.94	0.68	15.0173	0.000836712
0.96	0.64	15.002	0.000730199
0.96	0.66	15.0069	0.00076409
0.96	0.68	15.0127	0.00080088
0.92	0.7	15.0336	0.000947906
0.92	0.72	15.0424	0.000986312
0.92	0.74	15.0516	0.00102561
0.94	0.7	15.0276	0.000904481
0.94	0.72	15.0358	0.00094151
0.94	0.74	15.0445	0.000979527
0.96	0.7	15.0222	0.000868484
0.96	0.72	15.0298	0.000904045
0.96	0.74	15.038	0.000940713
0.92	0.76	15.0625	0.00108416
0.92	0.78	15.0727	0.00113167
0.92	0.8	15.0832	0.00117942
0.94	0.76	15.0548	0.00102835
0.94	0.78	15.0646	0.00107451
0.94	0.8	15.0747	0.00112098
0.96	0.76	15.0477	0.000980088
0.96	0.78	15.057	0.0010249
0.96	0.8	15.0667	0.0010701
0.98	0.4	15.1282	0.000997237
0.98	0.42	15.0957	0.000930255
0.98	0.44	15.0692	0.000879882
1	0.4	15.1453	0.00103556
1	0.42	15.1101	0.000961779
1	0.44	15.0813	0.000905594
1.02	0.4	15.1632	0.00107707
1.02	0.42	15.1255	0.00099644
1.02	0.44	15.0943	0.000934517
0.98	0.46	15.0487	0.000778596
0.98	0.48	15.0323	0.000744462
0.98	0.5	15.0196	0.000722886
1	0.46	15.0585	0.000801747
1	0.48	15.0402	0.000761321
1	0.5	15.0258	0.000734074
1.02	0.46	15.0691	0.000829818
1.02	0.48	15.0489	0.000783325
1.02	0.5	15.0328	0.000750656
0.98	0.52	15.0077	0.000689746
0.98	0.54	15.0013	0.000679411
0.98	0.56	14.9973	0.000677802
1	0.52	15.0124	0.000700758
1	0.54	15.0045	0.000685308
1	0.56	14.9993	0.000678963
1.02	0.52	15.0178	0.000717145
1.02	0.54	15.0085	0.000696875
1.02	0.56	15.0019	0.0006861
0.98	0.58	14.996	0.000673035
0.98	0.6	14.996	0.000685334
0.98	0.62	14.9976	0.000702998
1	0.58	14.9968	0.000666668
1	0.6	14.9958	0.000674851
1	0.62	14.9964	0.000688816
1.02	0.58	14.9984	0.000666979
1.02	0.6	14.9962	0.000671038
1.02	0.62	14.9959	0.000681278
0.98	0.64	15.0004	0.000704567
0.98	0.66	15.0044	0.00073335
0.98	0.68	15.0095	0.000765636
1	0.64	14.9985	0.000689377
1	0.66	15.0017	0.000714639
1	0.68	15.0061	0.000743745
1.02	0.64	14.9972	0.000680287
1.02	0.66	14.9996	0.000701961
1.02	0.68	15.0032	0.000727815
0.98	0.7	15.0174	0.000805978
0.98	0.72	15.0243	0.000842945
0.98	0.74	15.0319	0.000881336
1	0.7	15.0133	0.000780252
1	0.72	15.0195	0.000814737
1	0.74	15.0265	0.000850829
1.02	0.7	15.0096	0.000762686
1.02	0.72	15.0153	0.000794706
1.02	0.74	15.0217	0.000828527
0.98	0.76	15.0384	0.000950634
0.98	0.78	15.0471	0.000992596
0.98	0.8	15.0563	0.00103478
1	0.76	15.0325	0.000921874
1	0.78	15.0408	0.000962662
1	0.8	15.0495	0.00100377
1.02	0.76	15.0271	0.000897548
1.02	0.78	15.0349	0.000937082
1.02	0.8	15.0432	0.000977059
1.04	0.4	15.1821	0.0011526
1.04	0.42	15.1416	0.00107981
1.04	0.44	15.108	0.00102354
1.06	0.4	15.2018	0.00119079
1.06	0.42	15.1586	0.00111233
1.06	0.44	15.1226	0.00105159
1.08	0.4	15.2224	0.00123105
1.08	0.42	15.1765	0.00114666
1.08	0.44	15.138	0.00108133
1.04	0.46	15.0786	0.00090143
1.04	0.48	15.0562	0.000858867
1.04	0.5	15.0382	0.000828488
1.06	0.46	15.0908	0.000940341
1.06	0.48	15.0665	0.000892875
1.06	0.5	15.0467	0.000858345
1.08	0.46	15.1038	0.000984348
1.08	0.48	15.0775	0.000931789
1.08	0.5	15.0558	0.000892951
1.04	0.52	15.0248	0.000793331
1.04	0.54	15.0138	0.0007709
1.04	0.56	15.0058	0.000757723
1.06	0.52	15.0318	0.000815597
1.06	0.54	15.0194	0.00078893
1.06	0.56	15.01	0.000771845
1.08	0.52	15.0395	0.000840906
1.08	0.54	15.0256	0.000810154
1.08	0.56	15.0148	0.000789324
1.04	0.58	15.0013	0.000677847
1.04	0.6	14.9979	0.000678457
1.04	0.62	14.9964	0.000685786
1.06	0.58	15.0043	0.000693219
1.06	0.6	14.9998	0.000690145
1.06	0.62	14.9973	0.000694076
1.08	0.58	15.0079	0.000712525
1.08	0.6	15.0023	0.000705893
1.08	0.62	14.9987	0.000706551
1.04	0.64	14.9968	0.000652056
1.04	0.66	14.9986	0.000675097
1.04	0.68	15.0016	0.000702964
1.06	0.64	14.9966	0.000650169
1.06	0.66	14.9975	0.000669433
1.06	0.68	14.9998	0.000693974
1.08	0.64	14.997	0.00065309
1.08	0.66	14.997	0.000668544
1.08	0.68	14.9985	0.000689699
1.04	0.7	15.0053	0.000740542
1.04	0.72	15.0103	0.000771016
1.04	0.74	15.0162	0.000803561
1.06	0.7	15.0028	0.000732851
1.06	0.72	15.0072	0.00076095
1.06	0.74	15.0124	0.000791332
1.08	0.7	15.0009	0.000730027
1.08	0.72	15.0045	0.000755706
1.08	0.74	15.0092	0.000783895
1.04	0.76	15.0204	0.000877563
1.04	0.78	15.0276	0.000913751
1.04	0.8	15.0353	0.000950855
1.06	0.76	15.0161	0.000860564
1.06	0.78	15.0228	0.000895275
1.06	0.8	15.03	0.000930989
1.08	0.76	15.0123	0.000847021
1.08	0.78	15.0184	0.000880223
1.08	0.8	15.0252	0.000914526
1.1	0.4	15.2459	0.00127016
1.1	0.42	15.1971	0.00119049
1.1	0.44	15.1561	0.00113101
1.12	0.4	15.2681	0.00131025
1.12	0.42	15.2165	0.00122422
1.12	0.44	15.173	0.0011599
1.14	0.4	15.291	0.00135229
1.14	0.42	15.2367	0.00125951
1.14	0.44	15.1906	0.00119009
1.1	0.46	15.1218	0.00100157
1.1	0.48	15.0931	0.000959096
1.1	0.5	15.0694	0.000928639
1.12	0.46	15.1365	0.00103102
1.12	0.48	15.1058	0.000984831
1.12	0.5	15.0802	0.000951549
1.14	0.46	15.1519	0.00106174
1.14	0.48	15.1191	0.00101158
1.14	0.5	15.0916	0.000975312
1.1	0.52	15.0477	0.000855974
1.1	0.54	15.0323	0.000828529
1.1	0.56	15.0202	0.000810447
1.12	0.52	15.0566	0.000890252
1.12	0.54	15.0398	0.000860403
1.12	0.56	15.0263	0.00084036
1.14	0.52	15.0662	0.000925882
1.14	0.54	15.0478	0.000893677
1.14	0.56	15.0329	0.000871789
1.1	0.58	15.0125	0.0007341
1.1	0.6	15.0057	0.000730787
1.1	0.62	15.001	0.000734106
1.12	0.58	15.0174	0.000748152
1.12	0.6	15.0094	0.000742171
1.12	0.62	15.0037	0.000743248
1.14	0.58	15.0229	0.00076405
1.14	0.6	15.0137	0.000755363
1.14	0.62	15.0068	0.000754192
1.1	0.64	14.9979	0.000709538
1.1	0.66	14.9969	0.00071989
1.1	0.68	14.9974	0.000735977
1.12	0.64	14.9995	0.000725976
1.12	0.66	14.9976	0.000733565
1.12	0.68	14.9973	0.000747085
1.14	0.64	15.0016	0.000745232
1.14	0.66	14.9988	0.000750197
1.14	0.68	14.9976	0.000761281
1.1	0.7	14.9988	0.000762971
1.1	0.72	15.0018	0.000790002
1.1	0.74	15.0058	0.000819769
1.12	0.7	14.9978	0.000770583
1.12	0.72	15.0001	0.0007958
1.12	0.74	15.0034	0.000823887
1.14	0.7	14.9972	0.000781293
1.14	0.72	14.9988	0.000804818
1.14	0.74	15.0015	0.000831356
1.1	0.76	15.0113	0.000829002
1.1	0.78	15.017	0.000857736
1.1	0.8	15.0234	0.000888064
1.12	0.76	15.0084	0.000827764
1.12	0.78	15.0136	0.000854454
1.12	0.8	15.0194	0.000882833
1.14	0.76	15.006	0.000830393
1.14	0.78	15.0106	0.000855105
1.14	0.8	15.0159	0.000881595
1.16	0.4	15.3136	0.00139573
1.16	0.42	15.2565	0.00132234
1.16	0.44	15.208	0.0012692
1.18	0.4	15.338	0.00143374
1.18	0.42	15.2781	0.00135427
1.18	0.44	15.2271	0.00129664
1.2	0.4	15.3631	0.00147331
1.2	0.42	15.3004	0.00138735
1.2	0.44	15.2467	0.0013249
1.16	0.46	15.1683	0.00121798
1.16	0.48	15.1332	0.00116086
1.16	0.5	15.1036	0.00111602
1.18	0.46	15.1851	0.00125347
1.18	0.48	15.1479	0.00119291
1.18	0.5	15.1164	0.00114535
1.2	0.46	15.2025	0.00128981
1.2	0.48	15.1632	0.00122558
1.2	0.5	15.1298	0.00117516
1.16	0.52	15.0787	0.000990813
1.16	0.54	15.0584	0.00095541
1.16	0.56	15.0419	0.000929282
1.18	0.52	15.0895	0.00102537
1.18	0.54	15.0677	0.000988057
1.18	0.56	15.0497	0.000960373
1.2	0.52	15.1009	0.00106018
1.2	0.54	15.0775	0.00102086
1.2	0.56	15.058	0.000991585
1.16	0.58	15.0294	0.000796496
1.16	0.6	15.019	0.000783154
1.16	0.62	15.0112	0.000777549
1.18	0.58	15.0359	0.000818633
1.18	0.6	15.0243	0.000802388
1.18	0.62	15.0154	0.000794175
1.2	0.58	15.043	0.00084206
1.2	0.6	15.0302	0.000822918
1.2	0.62	15.0201	0.000812131
1.16	0.64	15.0037	0.000805124
1.16	0.66	14.9998	0.000806508
1.16	0.68	14.9976	0.000812654
1.18	0.64	15.0069	0.000824975
1.18	0.66	15.002	0.000824254
1.18	0.68	14.999	0.000828524
1.2	0.64	15.0106	0.000846243
1.2	0.66	15.0048	0.000843428
1.2	0.68	15.0008	0.000845855
1.16	0.7	14.9961	0.000791747
1.16	0.72	14.997	0.000809907
1.16	0.74	14.9991	0.000831221
1.18	0.7	14.9966	0.000804627
1.18	0.72	14.9967	0.000821056
1.18	0.74	14.9981	0.000840785
1.2	0.7	14.9975	0.000819236
1.2	0.72	14.9969	0.000834005
1.2	0.74	14.9976	0.000852229
1.16	0.76	15.0036	0.000860772
1.16	0.78	15.0077	0.000889039
1.16	0.8	15.0126	0.000919504
1.18	0.76	15.0019	0.00086797
1.18	0.78	15.0054	0.000894427
1.18	0.8	15.0098	0.000923238
1.2	0.76	15.0007	0.000877469
1.2	0.78	15.0036	0.000902168
1.2	0.8	15.0074	0.000929374
